Index,Timestamp,trueTime,_actuator_controls_0_0_control[0],_actuator_controls_0_0_control[1],_actuator_controls_0_0_control[2],_actuator_controls_0_0_control[3],_actuator_outputs_0_output[0],_actuator_outputs_0_output[1],_actuator_outputs_0_output[2],_actuator_outputs_0_output[3],_rfly_ctrl_lxl_0_id,_rfly_ctrl_lxl_0_mode,_rfly_ctrl_lxl_0_controls[0],_rfly_ctrl_lxl_0_controls[1],_rfly_ctrl_lxl_0_controls[2],_rfly_ctrl_lxl_0_controls[3],_rfly_ctrl_lxl_0_controls[4],_rfly_ctrl_lxl_0_controls[5],_sensor_combined_0_gyro_rad[0],_sensor_combined_0_gyro_rad[1],_sensor_combined_0_gyro_rad[2],_sensor_combined_0_accelerometer_m_s2[0],_sensor_combined_0_accelerometer_m_s2[1],_sensor_combined_0_accelerometer_m_s2[2],_vehicle_air_data_0_baro_alt_meter,_vehicle_air_data_0_baro_temp_celcius,_vehicle_air_data_0_baro_pressure_pa,_vehicle_attitude_0_q[0],_vehicle_attitude_0_q[1],_vehicle_attitude_0_q[2],_vehicle_attitude_0_q[3],_vehicle_local_position_0_x,_vehicle_local_position_0_y,_vehicle_local_position_0_z,_vehicle_local_position_0_vx,_vehicle_local_position_0_vy,_vehicle_local_position_0_vz,_vehicle_magnetometer_0_magnetometer_ga[0],_vehicle_magnetometer_0_magnetometer_ga[1],_vehicle_magnetometer_0_magnetometer_ga[2],TrueState_data_motorRPMs[1],TrueState_data_motorRPMs[2],TrueState_data_motorRPMs[3],TrueState_data_motorRPMs[4],UAVState_data_cmd,UAVState_data_fault_state
0,14436000,19.834,0.00024661591846153843,-0.0006045803790769231,0.00021817680307692307,0.1411070369230769,1144.0,1144.0,1144.0,1143.2,0.0,0.0,0.0,0.0,0.0,0.0,0.0,0.0,0.0074568493,-0.011984229,-0.00026630392,0.1364695,0.017956784,-15.4473915,1.006899423076923,24.99333153846154,101312.89230769231,0.99999504,-0.0008116320371428572,0.0027655119285714285,-0.0012993577714285715,0.026412586999999998,-0.0085254976,-0.0543707802,0.0139990226,0.00219372226,0.0878586562,0.274888116,-0.034593127200000004,0.473638696,3892.195703124997,3904.772998046872,3894.981591796872,3902.0837402343714,"2,1,0.5,1,15",0
1,14486000,19.884,0.00038860511875,-0.0010294487500000001,7.655011649999999e-05,0.1417506475,1146.5,1146.5,1146.5,1146.2,0.0,0.0,0.0,0.0,0.0,0.0,0.0,0.0,0.0015313213750000002,-0.0147805455,-0.0029960595249999998,-0.04040216125,0.002095037275,-6.38503725,0.98595246,24.993319333333336,101313.17333333334,0.9999957436363637,-0.0007276651981818182,0.002553595786363636,-0.0012793501090909091,0.0236070745,-0.0091954516,-0.0574200907,0.0101476166,0.00052612416,0.0379040717,0.27413373391304346,-0.03370491443478261,0.4727087052173913,3778.826069078953,3803.0521047491834,3782.272229646387,3791.7274748149734,"2,1,0.5,1,15",0
2,14536000,19.934,0.0005487073029411764,-0.0006842018627450981,3.327765419607844e-05,0.15975586,1149.5533980582525,1149.7475728155339,1149.5533980582525,1149.5533980582525,0.0,0.0,0.0,0.0,0.0,0.0,0.0,0.0,0.0023968713,-0.030892668,-0.0013315948,0.034715924,0.01675952,-6.040572,1.0135808742307693,24.99332903846154,101312.85865384615,0.9999967823529412,-0.0006684295666666666,0.002107752968627451,-0.001282724074509804,0.0211711297184466,-0.009728716427184467,-0.06035974845631068,0.006878120689320389,-0.0004411765194174757,-0.012891081135922333,0.27697727,-0.035161021304347825,0.47210908347826086,4032.7865844726616,4042.6311035156305,4038.615014648443,4038.9030273437556,"2,1,0.5,1,15",0
3,14586000,19.984,0.0005242412451923077,-0.0011679128,0.00019775737173076922,0.16949911557692307,1153.4368932038835,1154.116504854369,1153.4368932038835,1153.4368932038835,0.0,0.0,0.0,0.0,0.0,0.0,0.0,0.0,0.0048935617,-0.004294349625000001,-0.0035619738875,0.02379238275,-0.0008975600750000014,-15.2310139375,1.0238669226415096,24.99332186792453,101312.7162264151,0.9999974914285714,-0.0006240918942857143,0.0017715882142857141,-0.0012847013714285713,0.019289536514563107,-0.010056947495145631,-0.06313492709708737,0.004481489912621359,-0.00035803106796116504,-0.06494708647572817,0.274888477,-0.03401710745,0.4719991725,4179.324079241068,4205.948893229162,4184.257440476186,4197.290039062495,"2,1,0.5,1,15",0
4,14636000,20.034000000000002,0.00010313912687500001,-0.00014867282666666674,6.817747645833331e-05,0.17189945041666665,1162.659793814433,1163.8350515463917,1162.659793814433,1163.0103092783504,0.0,0.0,0.0,0.0,0.0,0.0,0.0,0.0,0.0053262888,-0.025832675,-0.00079893734,0.041898537,0.069431946,-5.7628446,1.0167001470588235,24.993312294117647,101312.78705882352,0.9999979357142857,-0.0004989634985714286,0.0014554880928571428,-0.0013495477714285714,0.017364145231958762,-0.010063940030927834,-0.06497037175257732,0.0022905285896907216,8.171074639175263e-05,-0.10033642074226805,0.27625614,-0.034185950799999996,0.47302796,4153.843236019751,4162.21962376646,4147.556267989323,4153.621813322382,"2,1,0.5,1,15",0
5,14686000,20.084000000000003,-0.00021723754816326533,-0.00011534982244897963,-0.00011883027448979594,0.19818512326530613,1182.2474226804125,1183.9381443298969,1182.2474226804125,1183.6288659793815,0.0,0.0,0.0,0.0,0.0,0.0,0.0,0.0,0.0032623797499999998,-0.013448960225,0.00019973414749999998,0.019153615,0.03381837175,-15.737688499999999,1.0092503811320754,24.993322641509433,101312.87716981133,0.99999875,-0.000248061555,0.0007583904136363636,-0.0013819721818181818,0.015353734149484537,-0.009447351886597937,-0.0649816269072165,0.0004988079711340208,0.0012136690298969073,-0.10337280527835051,0.27846983999999997,-0.0350405874,0.470703948,4586.741699218792,4585.899755859419,4584.175439453168,4589.668505859419,"2,1,0.5,1,15",0
6,14736000,20.134000000000004,0.0003006243984615385,-0.0009554629115384616,0.00016673678846153847,0.19737187923076924,1202.1553398058252,1203.7669902912621,1202.1553398058252,1203.5728155339805,0.0,0.0,0.0,0.0,0.0,0.0,0.0,0.0,-0.0015978905,-0.013848446,0.006391572,0.0047884043,-0.017956387,-7.2496433,1.0195399076923077,24.993313384615384,101312.75923076924,0.9999987714285715,-0.00026530111714285717,0.0006871896657142857,-0.0013961545857142856,0.013553149150485437,-0.009053298029126213,-0.06710724213592233,-0.0010970447689320388,0.0018168483495145632,-0.07105821347572816,0.2776096286956522,-0.03313769573913043,0.47241540608695654,4459.711040296038,4470.434261924325,4464.492675781236,4477.445903577286,"2,1,0.5,1,15",0
7,14786000,20.184000000000005,0.00022228143882352942,5.749120529411764e-05,0.00024253834411764707,0.21320477000000002,1222.5436893203882,1223.1844660194174,1222.5436893203882,1222.504854368932,0.0,0.0,0.0,0.0,0.0,0.0,0.0,0.0,0.00426106715,-0.020106866,-0.0015978966199999998,-0.0257376675,0.015562432000000001,-6.86058545,1.0443179372549019,24.99329701960784,101312.4705882353,0.9999989,-0.00021696261625,0.00030076639,-0.0013857501375,0.012067303276699028,-0.008993045601941748,-0.07240439747572816,-0.002399095691262136,0.0016268592233009708,0.014282842834951459,0.27790457,-0.035056657000000005,0.471111055,4610.491992187528,4608.468457031277,4609.4882324219025,4606.665625000027,"2,1,0.5,1,15",0
8,14836000,20.234000000000005,0.00015446379142857144,-0.00011185000938775515,0.00041015115775510204,0.2446880948979592,1235.298969072165,1235.4742268041236,1235.298969072165,1234.4742268041236,0.0,0.0,0.0,0.0,0.0,0.0,0.0,0.0,0.0031957966,-0.02423477,0.0037284023,-0.019153617,0.034716066,-8.121132,1.0339656396226415,24.993313283018868,101312.58566037736,0.9999988916666667,-0.00018314925083333332,-0.00015868014416666666,-0.0014499756,0.01080542381443299,-0.009131394659793814,-0.07611127373195876,-0.003401221556701031,0.001336405162886598,0.03313689752577319,0.2795858942857143,-0.03313216595238096,0.47142462,4986.878808593798,4981.633105468798,4987.3805664062975,4978.472070312548,"2,1,0.5,1,15",0
9,14886000,20.284000000000006,0.00024539410625,-0.0007350042237499999,0.00050642283125,0.2502823175,1233.2371134020618,1233.9278350515465,1233.2371134020618,1232.9278350515465,0.0,0.0,0.0,0.0,0.0,0.0,0.0,0.0,0.0036618509000000002,0.005725792824999999,-0.001597905,-0.047884039,0.030227051499999998,-14.364614,1.033624876923077,24.99331746153846,101312.56807692308,0.9999988,-0.00018466626375,-0.00031896648375,-0.0015164974,0.009978302680412372,-0.009655264247422682,-0.07673113764948454,-0.0038211399587628867,0.0008509309360824743,-0.07707205092783505,0.277591711,-0.032738306999999994,0.471556198,5095.943896484353,5108.722949218729,5088.2799804687265,5097.371435546854,"2,1,0.5,1,15",0
10,14936000,20.334000000000007,-4.85501846153846e-05,1.674869692307689e-05,0.00029251125769230767,0.24170852615384614,1241.0,1241.8,1241.0,1240.8,0.0,0.0,0.0,0.0,0.0,0.0,0.0,0.0,0.004527361666666667,-0.010031245333333333,-0.004793685666666666,0.016360378666666668,0.05347065866666667,-8.546502333333333,1.0776858076923077,24.993281076923076,101312.04692307692,0.9999987571428571,-0.00012185431942857143,-0.00037683977142857143,-0.0015615994428571428,0.009181635,-0.0100015137,-0.0798171708,-0.0042541275,0.00098654636,-0.12520578499999999,0.279264032,-0.0329483912,0.470928272,4997.619140625025,4996.324218750022,4990.380580357167,4989.855817522344,"2,1,0.5,1,15",0
11,14986000,20.384000000000007,-0.00021016917375000002,0.00034478906749999997,0.00032714354375,0.2638710775,1263.5,1263.8,1263.5,1262.8,0.0,0.0,0.0,0.0,0.0,0.0,0.0,0.0,-0.00213052665,-0.0035064993333333333,0.00195298505,-0.020550233,-0.005187278666666667,-9.156026166666667,1.0724490653846153,24.993257500000002,101312.12653846154,0.9999984958333333,-5.38915445e-05,-0.0006438116083333334,-0.0015934167166666668,0.0084306475,-0.01008133295,-0.0866024578,-0.00470671875,0.00205379626,-0.08022669749999999,0.277726433,-0.034525972,0.469816356,5220.314453125038,5215.235888671916,5223.155957031292,5219.2820800781665,"2,1,0.5,1,15",0
12,15036000,20.434000000000008,0.00032845076999999995,4.582139692307692e-05,0.00012531099999999997,0.2825119669230769,1281.0776699029127,1281.2718446601941,1281.2718446601941,1280.4660194174758,0.0,0.0,0.0,0.0,0.0,0.0,0.0,0.0,0.0021305261,-0.004793691,0.0010652654,-0.0011971011,0.0347161,-10.037691,1.019539853846154,24.99324384615385,101312.77846153846,0.9999984,-8.184098307692308e-05,-0.000794370476923077,-0.0016172201461538461,0.007479810844660194,-0.010101868092233011,-0.09274019601941748,-0.004911435733009709,0.0028712785883495146,-0.06542519548543689,0.278430674,-0.032562873400000004,0.47200105,5446.501757812531,5442.733300781284,5443.286132812532,5443.657421875033,"2,1,0.5,1,15",0
13,15086000,20.48400000000001,0.00033647607541176466,-9.874625976470586e-05,-0.0005085786117647059,0.2937910888235294,1291.2718446601941,1291.9514563106795,1291.9514563106795,1291.631067961165,0.0,0.0,0.0,0.0,0.0,0.0,0.0,0.0,-0.0069242213,0.00053263995,0.002529999,-0.0071826050999999995,-0.051475154999999995,-10.658986250000002,1.0357918923076923,24.993223846153846,101312.56384615385,0.9999984,-0.00015770527,-0.0007733572863636364,-0.0016519443954545454,0.00622920045631068,-0.010033477072815534,-0.09790661106796117,-0.004744341315533981,0.003314109559223301,-0.09589007169902913,0.278928792,-0.033873175400000004,0.469321334,5595.75107421877,5600.976367187522,5598.948779296896,5598.433837890646,"2,1,0.5,1,15",0
14,15136000,20.53400000000001,3.5815177346938806e-06,-0.00012006848285714284,-0.0002171366453061224,0.30096442897959186,1299.2268041237114,1300.0515463917525,1300.0515463917525,1300.0515463917525,0.0,0.0,0.0,0.0,0.0,0.0,0.0,0.0,0.008255787,-0.00079895125,0.005326342,0.019153617,-0.03830704,-11.176134,1.0238736692307693,24.99318953846154,101312.71323076924,0.9999983857142857,-0.00022043401285714285,-0.0007541412,-0.0016444974285714285,0.004929512864948454,-0.010033979443298969,-0.10583259927835052,-0.004576832583505155,0.0036530032865979382,-0.14311345855670105,0.278971596,-0.0339360544,0.46942426,5695.009082031268,5690.5564453125135,5694.736718750014,5695.653906250015,"2,1,0.5,1,15",0
15,15186000,20.58400000000001,-3.0725086875e-05,0.00011105911625,8.066335825e-05,0.304558705,1302.8350515463917,1303.1443298969073,1303.1443298969073,1303.1443298969073,0.0,0.0,0.0,0.0,0.0,0.0,0.0,0.0,-0.0035952686499999996,0.0005326361300000001,-0.0031957917,0.040102878499999994,0.022745117500000002,-11.484387,1.00112105,24.993133423076923,101312.97315384615,0.9999983,-0.00014776125772727273,-0.0008373408909090909,-0.001659732009090909,0.0035345577618556704,-0.010168216041237113,-0.11911540597938146,-0.004408519593814433,0.0037901364824742267,-0.2228680719587629,0.27809968500000004,-0.0333806718,0.47092619700000005,5745.944482421881,5747.844726562512,5743.288867187506,5741.278222656257,"2,1,0.5,1,15",0
16,15236000,20.63400000000001,-0.00020361440538461538,-1.4673086153846156e-05,1.6089413538461543e-05,0.3059309646153846,1305.0,1305.2,1305.2,1305.4,0.0,0.0,0.0,0.0,0.0,0.0,0.0,0.0,-0.0021305252,-0.0039947443,-0.0015978954,0.0071826046,-0.044292536,-11.44189,1.0188175307692307,24.993051153846153,101312.77346153845,0.9999983,-0.0001961089142857143,-0.0007976348285714286,-0.0016765729857142857,0.002263780392,-0.0104214824,-0.136432362,-0.0043280695,0.00372768878,-0.306842752,0.2790277285714286,-0.03364251142857143,0.4720903,5759.57861328125,5758.4384765625,5763.28955078125,5764.03955078125,"2,1,0.5,1,15",0
17,15286000,20.68400000000001,-0.000173922795,-0.00034407126250000003,-4.108287250000001e-05,0.3064737,1305.0,1305.7,1305.7,1306.4,0.0,0.0,0.0,0.0,0.0,0.0,0.0,0.0,-0.0016644815749999992,0.007523433699999999,0.00366184315,-0.01735796475,0.017657441350000004,-11.57955825,1.129692126923077,24.992939423076923,101311.39903846153,0.9999983083333334,-0.0002511433466666666,-0.00079953895125,-0.0016856218375000001,0.001179269622,-0.0108532934,-0.159800542,-0.00437941375,0.00336586973,-0.397147532,0.278502153,-0.034210887999999995,0.471711545,5769.081347656245,5773.68017578125,5774.342675781249,5775.639501953129,"2,1,0.5,1,15",0
18,15336000,20.734000000000012,-6.649601230769231e-05,-0.0002661521615384616,-6.105085615384613e-05,0.30667229230769233,1305.2,1306.2,1306.0,1307.0,0.0,0.0,0.0,0.0,0.0,0.0,0.0,0.0,0.0007989492,-0.0053263213,-0.0018642175,-0.017956514,0.058658153,-11.510124,1.0845478,24.9928,101312.0,0.9999984846153847,-0.0002456833807692308,-0.00065482672,-0.0016255799153846154,0.000236092548,-0.0113091588,-0.187472014,-0.00407889564,0.00317775544,-0.4873905,0.277299314,-0.033452683,0.47037579399999996,5773.357421875007,5773.9056640625,5775.596191406255,5778.683984374998,"2,1,0.5,1,15",0
19,15386000,20.784000000000013,7.545163e-05,8.106147624999994e-05,7.768424e-05,0.30685899,1305.7,1306.7,1306.0,1307.0,0.0,0.0,0.0,0.0,0.0,0.0,0.0,0.0,-0.000399473025,-0.0007989455604220999,-0.003195794675,-0.0410007115,0.0493806155,-11.564894124999999,1.1612930884615384,24.992630769230768,101311.07692307692,0.9999983,-0.00020969386791666668,-0.0007586685733333334,-0.0016619515125,-0.000495083982,-0.011801105800000001,-0.22159842400000002,-0.00325058399,0.00325019829,-0.57754075,0.277935893,-0.0327558436,0.47108928499999997,5783.18798828125,5775.89501953125,5780.86279296875,5774.78857421875,"2,1,0.5,1,15",0
20,15436000,20.834000000000014,0.00026167912615384617,-0.0002206514953846154,4.517501307692306e-05,0.3071053515384615,1304.9583333333333,1305.5416666666667,1304.9583333333333,1305.75,0.0,0.0,0.0,0.0,0.0,0.0,0.0,0.0,0.004793715,0.01837581,0.0010652624,0.031124622,-0.021547617,-11.398796,1.1513613615384617,24.992433846153848,101311.18769230769,0.9999983090909091,-0.0002518718927272727,-0.0006492178127272727,-0.0016964897545454544,-0.0008980488899999999,-0.0124416866,-0.259878276,-0.00261244706,0.0031103589,-0.66574658,0.277521118,-0.0341234432,0.471030826,5776.136153371709,5785.1180355674405,5772.988820929275,5780.856471011522,"2,1,0.5,1,15",0
21,15486000,20.884000000000015,3.3426444090909095e-05,0.00018400390454545456,-2.6984113636363853e-06,0.3050810186363636,1302.3541666666667,1301.8958333333333,1302.3541666666667,1302.625,0.0,0.0,0.0,0.0,0.0,0.0,0.0,0.0,-0.0041944778000000005,0.00013315126000000002,0.001997374275,-0.01945288925,0.01256975825,-11.384728249999998,1.1375736921568627,24.992212352941177,101311.33529411766,0.9999984169491525,-0.0002859896861016949,-0.00045944332135593223,-0.0017210135542372882,-0.000808696365,-0.0133052181,-0.304388291,-0.0022595722099999997,0.00265209615,-0.75103578,0.27966922869565214,-0.03367265391304348,0.47041070434782606,5782.260986328126,5786.833715820308,5788.674682617193,5787.162060546875,"2,1,0.5,1,15",0
22,15536000,20.934000000000015,-0.00013850839785714287,0.0004559505085714286,-0.0002880422541428571,0.2947900485714286,1295.4615384615386,1294.923076923077,1295.2307692307693,1295.4615384615386,0.0,0.0,0.0,0.0,0.0,0.0,0.0,0.0,-0.0023968386,-0.00612527295,0.0013315800749999999,0.017058687750000003,0.054169004,-11.158776,1.247810120754717,24.991967547169814,101310.00849056605,0.9999984979166667,-0.0002961717314583333,-0.000547924698125,-0.0016538094208333335,-0.00017913579999999992,-0.01423916,-0.351819108,-0.0007984448399999998,0.0019223781780000001,-0.825825892,0.27725812559999996,-0.03442800836,0.46914311599999997,5673.310825892819,5669.302036830321,5679.3839285713875,5671.5529436383495,"2,1,0.5,1,15",0
23,15586000,20.984000000000016,3.9405056249999985e-06,0.00024501880625,0.000207217373125,0.2828454125,1283.923076923077,1284.3461538461538,1283.2115384615386,1283.923076923077,0.0,0.0,0.0,0.0,0.0,0.0,0.0,0.0,0.002729743625,0.0010652654500000005,-0.00272973835,0.022744919250000002,0.01496394825,-10.64761325,1.2676532,24.99169411764706,101309.77823529411,0.9999984066666666,-0.000288582938,-0.0006226175133333333,-0.0016760922866666667,0.0012607368250000003,-0.0152787175,-0.403631128,0.0023250613100000003,0.0007854773729999997,-0.884867372,0.277996232,-0.0320797373,0.471581283,5590.234375,5585.71240234375,5591.572265625,5582.2021484375,"2,1,0.5,1,15",0
24,15636000,21.034000000000017,-0.0002147333061538462,-0.0002462310561538462,0.0002952063,0.2755968807692308,1275.4,1276.6,1274.8,1275.8,0.0,0.0,0.0,0.0,0.0,0.0,0.0,0.0,0.0077231578,0.019441087,-0.005059988,0.01436521,0.026336398,-10.140641,1.293077145283019,24.991411150943396,101309.47830188679,0.9999985,-0.0001769591668153846,-0.0003417482123076923,-0.0017062945307692308,0.00295189072,-0.016333313800000002,-0.456177072,0.0052018814,-1.0508404e-05,-0.92566066,0.27853217199999997,-0.033864342400000004,0.47071006400000004,5442.028222656228,5443.102441406226,5435.398730468726,5434.898437499977,"2,1,0.5,1,15",0
25,15686000,21.084000000000017,-0.0003216210625,-0.00030658402875000004,-0.00016963914,0.2720903375,1271.4,1273.1,1271.8,1272.8,0.0,0.0,0.0,0.0,0.0,0.0,0.0,0.0,0.0081226323,0.0111852855,0.0033289533699999998,0.007182604499999998,-0.028730252,-9.782709,1.3348279884615384,24.99112523076923,101308.97346153847,0.9999985,1.0116202346153856e-06,5.524196923076922e-06,-0.001758992346153846,0.00501996652,-0.017410468300000002,-0.509823902,0.0077086724,-0.00029512163899999996,-0.93908166,0.27908511700000005,-0.0332309943,0.469727475,5408.6513671875,5402.01025390625,5398.6689453125,5402.16162109375,"2,1,0.5,1,15",0
26,15736000,21.134000000000018,0.00024366550980392155,-0.0007240236490196079,-9.330390470588238e-05,0.2706861931372549,1269.4,1270.8,1270.2,1270.8,0.0,0.0,0.0,0.0,0.0,0.0,0.0,0.0,-0.0015978811,0.010652645,0.0021305399,0.021547817,-0.019153446,-9.849746,1.417065011764706,24.990837470588236,101307.96588235295,0.9999984916666667,6.239294666666667e-05,0.0003752458108333333,-0.001723549125,0.007105685913043478,-0.01841040686956522,-0.5623757282608696,0.009812541347826087,-0.0005821383452173913,-0.9467478926086956,0.27649985739130434,-0.032462905826086956,0.4713569652173913,5364.45184004934,5367.446957236833,5366.550395764803,5371.838995682559,"2,1,0.5,1,15",0
27,15786000,21.18400000000002,2.305559746938774e-05,-0.0003063215924489796,0.00011516583142857143,0.27060972163265307,1270.4,1270.3,1270.7,1270.3,0.0,0.0,0.0,0.0,0.0,0.0,0.0,0.0,-0.00253000295,0.0027963211849999997,-0.0009321061,0.020949265399999997,0.052074054999999994,-9.629481250000001,1.4832693264150942,24.990552226415094,101307.16094339621,0.9999984,3.684983515384616e-05,0.0005836490873076923,-0.0017171981500000001,0.009217870695652174,-0.01929452154347826,-0.6132850489130435,0.011312027217391305,-0.0008727602582608695,-0.9457819741304347,0.27819876095238094,-0.033880656,0.4710768142857143,5360.419201078872,5363.88790457589,5360.989234561013,5362.312639508927,"2,1,0.5,1,15",0
28,15836000,21.23400000000002,2.8809078901960786e-05,0.00018657786215686275,-9.561671450980393e-05,0.27137324784313727,1271.2,1270.6,1271.2,1270.6,0.0,0.0,0.0,0.0,0.0,0.0,0.0,0.0,0.00239685,0.0034621127,0.0047936854,-0.029927526,-0.0059853354,-9.64983,1.5024037,24.990267846153845,101306.93615384615,0.9999983923076923,4.921337061538461e-05,0.0006433897938461539,-0.0017183445307692308,0.011267453666666667,-0.019953124296296296,-0.6623744777777778,0.01177980862962963,-0.000975084332962963,-0.9438989296296296,0.277397224,-0.0343387126,0.47149008400000003,5372.532714843755,5368.165234375004,5371.933105468752,5370.456640625009,"2,1,0.5,1,15",0
29,15886000,21.28400000000002,0.00013994140155102044,-0.0001890032375510204,-8.645826418367348e-05,0.2723461377551021,1271.7,1272.1,1271.7,1272.1,0.0,0.0,0.0,0.0,0.0,0.0,0.0,0.0,-0.00599211085,0.008122646,-0.0011984163299999999,-0.008379706,0.003591473,-9.7240505,1.4888604307692308,24.989984384615386,101307.11307692308,0.9999983,5.6188522749999996e-05,0.0007545012970833333,-0.0017106485291666668,0.0132678495,-0.02043453911111111,-0.7100339916666667,0.011436965111111112,-0.0009294601061111111,-0.9412952861111111,0.2772271642857143,-0.03256528285714286,0.47059415714285713,5377.254296875,5383.98349609376,5380.801171875003,5383.148681640632,"2,1,0.5,1,15",0
30,15936000,21.33400000000002,0.00011335440246153843,-0.00013177795000000002,8.680154692307692e-05,0.2735426384615385,1272.6,1273.4,1272.6,1273.4,0.0,0.0,0.0,0.0,0.0,0.0,0.0,0.0,-0.0037284207,-0.0061252713,0.0071905376,0.0047884043,0.0011972702,-9.690533,1.5370746307692307,24.989701153846152,101306.54538461538,0.9999983090909091,1.2083959909090909e-05,0.0009025367181818182,-0.0016569526727272727,0.0152355862,-0.0204705596,-0.75608402,0.0116482536,-0.000724157369,-0.93918079,0.27769641333333334,-0.03293399083333333,0.47144743,5386.18281250001,5389.121875000004,5393.982910156255,5397.244238281251,"2,1,0.5,1,15",0
31,15986000,21.38400000000002,0.00011305136,0.0003942550675,5.188615625e-05,0.27479451125,1274.1,1274.4,1274.1,1274.4,0.0,0.0,0.0,0.0,0.0,0.0,0.0,0.0,0.0021305271666666667,-0.0020417611666666666,1.93333333332402e-09,-0.02234588433333333,-0.011970836666666667,-9.795477666666667,1.6174315499999998,24.989418,101305.595,0.9999984,1.458282645762712e-05,0.0008080230440677966,-0.0016547211457627119,0.0171543342,-0.0198384886,-0.79971982,0.0126907401,-0.00027933686649999994,-0.937800015,0.27768399,-0.033557023,0.47092201499999997,5404.117431640631,5404.6101074218805,5405.3710937500055,5401.874658203131,"2,1,0.5,1,15",0
32,16036000,21.434000000000022,-0.0003104367707692308,0.00025702991653846154,-0.00020201865384615386,0.2758451415384615,1275.4,1275.4,1275.2,1275.2,0.0,0.0,0.0,0.0,0.0,0.0,0.0,0.0,0.00191747786,0.0002663122,-0.0005326294399999999,0.0452504084,0.051475514,-9.9265996,1.6847869307692307,24.98913715384615,101304.80153846154,0.9999983958333333,3.4977253520833335e-05,0.0007547377291666666,-0.0016701624270833333,0.019207016,-0.0189246884,-0.842950392,0.0138587164,0.0006658694679999999,-0.93858277,0.27602547833333335,-0.03158276166666667,0.4704798933333333,5423.32861328125,5415.0322265625,5421.96923828125,5413.419921875,"2,1,0.5,1,15",0
33,16086000,21.484000000000023,-0.00036207716875,-9.7307780625e-05,-3.4120950000000004e-05,0.27651337,1276.4,1276.4,1275.7,1275.7,0.0,0.0,0.0,0.0,0.0,0.0,0.0,0.0,0.00221930235,0.007368077666666667,0.003462105666666667,-0.008778739666666667,-0.011970833133333334,-9.955091000000001,1.7357097846153846,24.988852807692307,101304.17576923077,0.9999981866666666,7.299720733333334e-05,0.0008577737733333333,-0.0017101593800000002,0.0214605985,-0.0175882944,-0.8855731219999999,0.0152149274,0.0023616545505,-0.94261082,0.27866024,-0.03225605508333333,0.4734109525,5431.5814453124985,5423.221826171874,5427.250732421877,5433.72031250001,"2,1,0.5,1,15",0
34,16136000,21.534000000000024,0.00010649300769230771,-0.00013536264000000005,0.0005025701076923077,0.27694157384615387,1277.0,1276.8,1276.2,1275.8,0.0,0.0,0.0,0.0,0.0,0.0,0.0,0.0,-0.0039947466,0.007456849,-0.00079895527,0.043095633,-0.020350536,-10.127475,1.7627963615384616,24.988563,101303.83153846154,0.999997976923077,-5.299849999999996e-06,0.0011068346923076922,-0.0017009458384615384,0.0236962114,-0.0160417614,-0.928640854,0.016377311,0.00425741388,-0.947732068,0.27734063999999997,-0.0336533654,0.471898046,5432.415597098213,5435.267787388391,5433.508998325897,5440.0132533482165,"2,1,0.5,1,15",0
35,16186000,21.584000000000024,0.00074545177625,0.000355755225,0.000482803735,0.2768401075,1277.0,1276.3,1276.7,1275.3,0.0,0.0,0.0,0.0,0.0,0.0,0.0,0.0,-0.01271659575,0.0020639452750000004,-0.0033955276249999994,-0.030825351,-0.060752701750000006,-9.94042575,1.7920498846153847,24.98827376923077,101303.48153846154,0.9999978211538462,-0.0002969418730769231,0.0012095069,-0.001722895796153846,0.025904869900000002,-0.0141800199,-0.9723760889999999,0.0172489535,0.00645313458,-0.9544931130000001,0.27745773300000004,-0.0329823241,0.472151148,5437.164404296879,5438.6111328125,5432.086083984374,5433.7822753906285,"2,1,0.5,1,15",0
36,16236000,21.634000000000025,0.0005053665892307693,0.0004140645723076923,0.00014060974307692308,0.27637299692307693,1276.6,1275.8,1276.4,1275.0,0.0,0.0,0.0,0.0,0.0,0.0,0.0,0.0,-0.009986855499999999,0.0009321140750000001,0.0074568507999999995,0.0197521665,-0.041299811000000006,-10.021531249999999,1.8126356846153846,24.987981153846153,101303.20999999999,0.9999975829787234,-0.0006014613702127659,0.0012363980914893615,-0.0017521877276595744,0.028040221,-0.0122146446,-1.016766764,0.0179819622,0.0084052474,-0.96178142,0.2766709478260869,-0.03409411208695652,0.4725934934782609,5431.580078124996,5429.7295898437405,5437.860937499995,5433.78173828125,"2,1,0.5,1,15",0
37,16286000,21.684000000000026,0.00017602178125,-0.0002226674325,3.196623e-05,0.2755838475,1275.6,1275.3,1274.9,1275.0,0.0,0.0,0.0,0.0,0.0,0.0,0.0,0.0,-0.009054745533333334,0.010563877,0.0008877204,-0.023143955,-0.007980499666666667,-9.975843000000001,1.8615721538461538,24.98768680769231,101302.61788461538,0.9999973260377358,-0.0007826142886792453,0.0013530059773584904,-0.0017317450471698113,0.030065611000000003,-0.0100938186,-1.0621405990000001,0.0185070202,0.009991948399999999,-0.96986062,0.27488592,-0.034268156,0.47220218199999997,5419.082449776779,5425.75134858631,5422.521205357137,5423.035598028267,"2,1,0.5,1,15",0
38,16336000,21.734000000000027,4.3761826923076905e-05,-0.00044309147692307693,-0.0002255650530769231,0.2752029676923077,1275.0,1274.8,1274.2,1274.8,0.0,0.0,0.0,0.0,0.0,0.0,0.0,0.0,-0.006924218,0.0042610597,0.0010652739,0.0,0.022745095,-10.007763,1.9249548235294118,24.987394176470588,101301.88647058823,0.9999968280851064,-0.0009617710148936171,0.0015598333659574467,-0.0017635729382978723,0.0321170834,-0.007797733940000001,-1.1077926200000001,0.0186024674,0.0115144184,-0.976705292,0.27688052,-0.0339711904,0.472967064,5418.011425781251,5421.415820312498,5414.370996093742,5417.548144531242,"2,1,0.5,1,15",0
39,16386000,21.784000000000027,0.00011575976125,2.6856868749999986e-05,-0.000398221115,0.2749966125,1275.0,1274.3,1274.7,1274.3,0.0,0.0,0.0,0.0,0.0,0.0,0.0,0.0,-0.0039947313,-0.0095873885,0.002130519775,-0.0029927519,-0.008978084,-9.9012225,1.996914825,24.987107192307693,101301.02376923077,0.9999967125,-0.0010616899625,0.0015014177624999999,-0.0017939855999999999,0.0342076794,-0.0052387612899999995,-1.15386192,0.0180534984,0.0129405419,-0.981698172,0.27674354285714287,-0.034266021904761905,0.4717770738095238,5414.229189918156,5410.627348400292,5416.835077194944,5413.560360863093,"2,1,0.5,1,15",0
40,16436000,21.834000000000028,-7.512844692307693e-05,3.6693696153846126e-05,-8.789187461538465e-05,0.27539522307692305,1275.0,1274.2,1275.2,1274.4,0.0,0.0,0.0,0.0,0.0,0.0,0.0,0.0,-0.002263687855,-0.000932104859402725,0.0019307915499999998,-0.011073183,-0.0092773619,-9.778219,2.039229562264151,24.98679316981132,101300.4963018868,0.9999967955555555,-0.0011379546244444443,0.0013314463044444443,-0.0018519030533333332,0.0363253522,-0.002797718448,-1.19968666,0.017756995,0.014514133,-0.9852683,0.27597537652173915,-0.03485284786956522,0.47111036347826085,5419.398228236607,5415.07066127232,5417.15994698661,5411.937569754474,"2,1,0.5,1,15",0
41,16486000,21.88400000000003,0.00013090589625,-0.00051505334125,-0.00043111646250000005,0.27585907249999997,1275.0,1274.7,1275.7,1275.4,0.0,0.0,0.0,0.0,0.0,0.0,0.0,0.0,-0.005659219625,0.004460791925,-0.003661850625,-0.02603694875,0.01526320875,-9.851541000000001,2.0529842384615384,24.986493884615385,101300.32684615384,0.9999965550000001,-0.001246615475,0.0014119345125,-0.001847230325,0.0384836402,-0.0005335703180000002,-1.24514456,0.01783919,0.016308925499999998,-0.9867043,0.277371829,-0.0350909642,0.47116088,5424.619335937511,5427.15029296876,5419.249853515626,5421.816992187497,"2,1,0.5,1,15",0
42,16536000,21.93400000000003,0.00020725247461538462,-7.960282153846151e-05,-0.0001844929769230769,0.2759653176923077,1275.2,1275.0,1276.0,1275.8,0.0,0.0,0.0,0.0,0.0,0.0,0.0,0.0,-0.006125263,-0.0063915895,0.0034621197,0.044292733,-0.051475175,-9.831791,2.103004069230769,24.986192846153845,101299.7166923077,0.9999961985714285,-0.0013795896142857144,0.0015067429857142855,-0.0018718839285714285,0.040660338399999996,0.001601925348,-1.2906236199999999,0.0180678596,0.0175855966,-0.98948216,0.276128354,-0.032845946800000005,0.471486184,5424.610351562495,5421.610546874997,5424.161523437503,5429.4655273437465,"2,1,0.5,1,15",0
43,16586000,21.98400000000003,0.0002536013975,0.00039412940625,0.00031997250125,0.27582445875,1275.7,1275.0,1276.0,1275.3,0.0,0.0,0.0,0.0,0.0,0.0,0.0,0.0,-0.0055926383250000005,-0.001131843125,-0.000732372375,0.004189852924999999,-0.00329185235,-10.003875,2.157358003846154,24.985890807692307,101299.09615384616,0.9999959374999999,-0.0015445865875,0.0014774696291666666,-0.0018864409541666665,0.0428646519,0.003544442318,-1.33613442,0.0185162411,0.018085085600000002,-0.99427281,0.276095229,-0.034408124400000004,0.471700534,5425.982470703127,5426.180419921877,5425.3462890625015,5420.680126953123,"2,1,0.5,1,15",0
44,16636000,22.03400000000003,6.580146230769231e-05,0.0004436983461538461,2.3697699230769233e-05,0.2757607169230769,1275.8,1275.0,1275.6,1275.2,0.0,0.0,0.0,0.0,0.0,0.0,0.0,0.0,-0.0053263283,0.0053263116,-0.0031958027,-0.01316811,-0.037109964,-9.885659,2.2160456,24.985586,101298.375,0.9999956346808511,-0.0017240825021276596,0.0014504137361702127,-0.0019165821191489362,0.0451154572,0.0055029706,-1.38220352,0.0188330624,0.0185525512,-0.9982070000000001,0.275992736,-0.0337398536,0.472177752,5423.087109374998,5426.7416015625,5423.567089843746,5416.535156250004,"2,1,0.5,1,15",0
45,16686000,22.08400000000003,-0.00022121094500000002,-0.00015964413749999996,5.240169e-06,0.2757710975,1275.3,1275.0,1274.6,1275.7,0.0,0.0,0.0,0.0,0.0,0.0,0.0,0.0,0.007590008375,0.0030626387999999997,-6.657632249999995e-05,-0.0305260715,0.04997913125,-9.79617525,2.2927909846153844,24.985282153846153,101297.46634615384,0.9999954541509434,-0.0017697607358490566,0.0015398062226415093,-0.0019300544603773585,0.0474360002,0.007485515850000001,-1.4291100700000001,0.0189525434,0.0189719817,-1.0008565,0.274813958,-0.034656278900000004,0.469885078,5423.125023251492,5421.10349237351,5421.15583147321,5421.162876674111,"2,1,0.5,1,15",0
46,16736000,22.134000000000032,-0.0002969174992307692,-0.00016832288076923076,-3.0342489076923073e-05,0.2756811446153846,1275.0,1275.0,1274.4,1276.0,0.0,0.0,0.0,0.0,0.0,0.0,0.0,0.0,-0.0005326307,0.0018642126,0.0023968457,0.0047884043,-0.025138952,-9.730038,2.321863969230769,24.984975538461537,101297.10692307692,0.9999953592307692,-0.0016705519692307691,0.0016689980461538462,-0.001936384,0.0494349728,0.009492973200000001,-1.4758645400000001,0.0187635154,0.0190847094,-1.0030267000000002,0.27654303,-0.035991270400000004,0.472129358,5421.483593750006,5423.722070312499,5414.957519531251,5427.284374999991,"2,1,0.5,1,15",0
47,16786000,22.184000000000033,4.287360375000002e-05,0.000251177215,-0.00025332173125,0.2758304125,1275.0,1275.0,1275.4,1276.0,0.0,0.0,0.0,0.0,0.0,0.0,0.0,0.0,-0.0053263218000000005,-0.0030626358500000003,-0.00332895455,-0.038307232999999996,-0.022744746500000003,-9.83478275,2.3515180745454543,24.984682527272728,101296.74545454545,0.99999547,-0.0016660373166666666,0.0015976430791666666,-0.0019547124083333332,0.0509515898,0.0115377987,-1.52239089,0.0181117239,0.018737382900000002,-1.00447795,0.27701124099999996,-0.0359143052,0.47444543299999997,5428.082468133231,5423.640547902972,5425.420050370067,5419.576428865129,"2,1,0.5,1,15",0
48,16836000,22.234000000000034,-5.503021647058819e-05,-0.00019674017470588235,-0.00032305577450980394,0.27631474705882353,1275.1923076923076,1275.3846153846155,1276.1923076923076,1276.0,0.0,0.0,0.0,0.0,0.0,0.0,0.0,0.0,0.0007989495000000001,0.006657903999999999,0.0007989424999999999,0.018555061999999997,-0.0215476485,-9.80964275,2.404111754716981,24.984363113207547,101296.13075471699,0.9999952366666667,-0.001708436825,0.0015360942583333335,-0.0020861012833333333,0.052145185961538464,0.013430530153846154,-1.5686547192307692,0.017267585923076926,0.01800059603846154,-1.0058304884615386,0.276140776,-0.033903293200000004,0.47120765800000003,5423.106548108558,5430.027960526317,5422.415707236838,5428.602513363497,"2,1,0.5,1,15",0
49,16886000,22.284000000000034,0.00044997335660377363,-0.00017628086679245285,-0.00015169475188679245,0.27678331698113207,1275.673076923077,1276.3461538461538,1276.673076923077,1276.0,0.0,0.0,0.0,0.0,0.0,0.0,0.0,0.0,-0.0029294807500000004,-0.00918790725,0.0045939454000000005,0.0023942010000000003,0.0155624855,-9.9069095,2.4110690769230767,24.984049692307693,101296.05476923077,0.9999927311538461,-0.0017365835692307692,0.0015944358884615384,-0.0030143491807692307,0.05285425086538462,0.01509512053846154,-1.6145247673076923,0.01613492823076923,0.016679618634615385,-1.0070349596153847,0.2769755333333333,-0.034487154285714285,0.47155912904761904,5426.371972656252,5425.500976562492,5438.701269531266,5436.146044921876,"2,1,0.5,1,15",0
50,16936000,22.334000000000035,0.00045483303000000007,-3.383042666666667e-05,0.0004530866466666667,0.27693229,1276.1666666666667,1276.8333333333333,1276.8333333333333,1276.0,0.0,0.0,0.0,0.0,0.0,0.0,0.0,0.0,-0.00479369065,-0.008388955,-0.0022636867,-0.024540566,0.036511748,-9.8437615,2.5060528846153844,24.983738692307693,101294.92569230769,0.9999932,-0.001795375625,0.0014126841250000001,-0.0029112255833333334,0.05370969590909091,0.016716998,-1.6609674909090908,0.01523090209090909,0.015850586545454546,-1.0084751454545455,0.277358386,-0.0343278496,0.47190732399999996,5429.245800781252,5435.219433593751,5440.995703125001,5431.674804687496,"2,1,0.5,1,15",0
51,16986000,22.384000000000036,-0.00027733121625,0.00011295977125,0.00070885968625,0.27703242,1276.6875,1276.3125,1276.3125,1276.0,0.0,0.0,0.0,0.0,0.0,0.0,0.0,0.0,0.010918958999999999,-0.005060008,-0.0015979058498330001,-0.0011970994999999998,0.011971181331334999,-9.897032,2.5340423307692306,24.983425846153846,101294.58,0.9999932276923077,-0.001728288230769231,0.0012679979307692307,-0.002998942976923077,0.05487619875,0.018248110499999998,-1.70862715,0.014812717999999999,0.01606693825,-1.0104162250000002,0.27563324100000003,-0.0347433974,0.471417346,5440.062207031256,5435.028515624992,5434.275390624999,5436.956591796887,"2,1,0.5,1,15",0
52,17036000,22.434000000000037,-0.00046643321,0.0001635674553846154,8.118519538461539e-05,0.27678889307692306,1276.6,1276.0,1276.0,1275.8,0.0,0.0,0.0,0.0,0.0,0.0,0.0,0.0,0.00479369065,-0.0025300089424152147,0.002396843,0.032321726499999995,0.056263917,-9.877281,2.5995636098039214,24.983111588235293,101293.77274509805,0.99999344,-0.0014739073307692308,0.0012061341076923077,-0.0030813205076923077,0.05643449777777778,0.019549988814814814,-1.7563433370370372,0.015357965851851852,0.01601336148148148,-1.0135555925925925,0.2761942695652174,-0.03250418904347826,0.4716254121739131,5441.4794921875,5437.3525390625,5431.31640625,5434.2236328125,"2,1,0.5,1,15",0
53,17086000,22.484000000000037,-6.214405624999997e-05,0.00014973289499999997,-0.00026886585125000004,0.27638283125,1275.6,1276.0,1276.0,1275.3,0.0,0.0,0.0,0.0,0.0,0.0,0.0,0.0,-0.002330270725,0.00199736745,0.00352868925,0.017657238,0.005387126725,-9.900623,2.635053303773585,24.98279547169811,101293.3417735849,0.99999342,-0.0014553661272727273,0.0011839910772727272,-0.0031101635727272727,0.05830063666666667,0.020671754555555557,-1.8041039388888889,0.016660195944444445,0.015747698055555554,-1.0176364722222222,0.27611297,-0.0343149155,0.47200289500000003,5432.981591796869,5424.6547363281215,5434.279199218751,5431.892968749998,"2,1,0.5,1,15",0
54,17136000,22.534000000000038,0.0003304643653846154,-5.010446461538461e-05,7.208380307692302e-05,0.27612453076923077,1275.2,1276.0,1275.8,1275.0,0.0,0.0,0.0,0.0,0.0,0.0,0.0,0.0,-0.009054759,0.004527362,0.0026631558,0.031124622,0.0071827774,-9.848549,2.6443752153846156,24.98247776923077,101293.25838461539,0.9999928661538462,-0.0015874786999999998,0.0013169712230769232,-0.0031522417384615385,0.060304468,0.021322016,-1.85199762,0.0173880782,0.015231030199999999,-1.02111106,0.2769196,-0.033191375,0.47151414,5421.962597656252,5426.211035156262,5432.87880859374,5427.29453125,"2,1,0.5,1,15",0
55,17186000,22.58400000000004,-3.01396255e-05,-0.00041548515125,0.00061250770125,0.27590285125,1275.7,1276.0,1275.3,1275.0,0.0,0.0,0.0,0.0,0.0,0.0,0.0,0.0,-0.0014647344999999998,0.0057257989000000006,-0.001331580315,-0.022744918500000003,-0.00718243215,-9.892244,2.7231069000000003,24.98216,101292.33249999999,0.9999920953846154,-0.0016851817846153846,0.00150154595,-0.0032888970692307694,0.062514838,0.021265021,-1.9000909199999998,0.0172544387,0.014337855699999999,-1.0236762099999999,0.27625639999999996,-0.03489257,0.47283113,5421.748535156241,5434.363085937495,5420.606542968747,5423.483544921874,"2,1,0.5,1,15",0
56,17236000,22.63400000000004,4.463633507692309e-05,4.091353384615384e-05,0.00014226520461538457,0.2756593353846154,1275.8,1275.8,1275.0,1275.0,0.0,0.0,0.0,0.0,0.0,0.0,0.0,0.0,0.01677792,-0.0066578947,0.0013315674,0.050278243,-0.06464328,-9.805455,2.788837,24.98184407692308,101291.52153846153,0.9999918584615385,-0.0015716820153846153,0.0015738043615384615,-0.0033857252,0.064858288,0.0211128258,-1.9482041799999998,0.0175575382,0.012675015999999999,-1.02581058,0.2763484,-0.033386048,0.472219,5424.088533100334,5419.621839021375,5418.546720805923,5423.412700452298,"2,1,0.5,1,15",0
57,17286000,22.68400000000004,0.0003413858125,0.0002857687375,-0.00044877456375,0.2755663625,1275.3,1275.3,1275.0,1275.0,0.0,0.0,0.0,0.0,0.0,0.0,0.0,0.0,0.0015535070833333333,-0.0018198301000000002,0.00332894755,-0.021547816833333334,-0.014963592666666668,-9.769739333333334,2.802741423076923,24.981524576923075,101291.3476923077,0.9999921970833333,-0.0013518271666666667,0.0014858407,-0.0034012767875,0.067401358,0.0208178303,-1.99634738,0.0185157462,0.0098576785,-1.02729878,0.277071664,-0.035047625,0.471748665,5420.318701171873,5413.167822265622,5428.284472656255,5419.822021484374,"2,1,0.5,1,15",0
58,17336000,22.73400000000004,0.0006388483269230768,0.00013203059615384617,2.3020418461538458e-05,0.27565155384615386,1275.2,1275.0,1275.0,1275.0,0.0,0.0,0.0,0.0,0.0,0.0,0.0,0.0,0.007190537,0.0069242273,-0.004793678,-0.02633622,-0.014365043,-9.639055,2.8524002307692307,24.981200538461536,101290.76692307692,0.9999921108333333,-0.00122961025,0.0015599960083333333,-0.0034376269583333333,0.069757084,0.020425915200000002,-2.04427716,0.0193720936,0.007414424859999999,-1.0287785,0.27720245,-0.033426455,0.47289184,5418.066796874992,5427.08662109376,5420.568261718749,5418.674121093758,"2,1,0.5,1,15",0
59,17386000,22.78400000000004,0.00014947393250000002,0.00020453835625,0.00017459203525000002,0.275815625,1275.7,1275.0,1275.0,1275.0,0.0,0.0,0.0,0.0,0.0,0.0,0.0,0.0,0.016112126499999997,-0.0010652447749999999,-0.0029294844999999997,0.0580593965,-0.0011969275000000001,-9.928755500000001,2.9063929076923074,24.980879384615385,101290.10561538461,0.9999919265384616,-0.0010414679769230769,0.0016785955,-0.003497030226923077,0.07183179399999999,0.0198886207,-2.09188681,0.020075650100000002,0.00553229701,-1.0302455,0.2766537125,-0.034275217999999996,0.473162855,5423.765393708894,5423.859220805907,5421.548930921046,5423.271381578952,"2,1,0.5,1,15",0
60,17436000,22.834000000000042,-0.00040156067615384615,0.00017291408846153847,2.0242677076923076e-05,0.2758640884615385,1276.0,1275.2,1275.2,1275.4,0.0,0.0,0.0,0.0,0.0,0.0,0.0,0.0,0.019973714,-0.0037284573,0.004793664,0.005985505,-0.004788235,-9.6917305,2.941605369230769,24.98055853846154,101289.66276923077,0.9999921161538461,-0.000654105923076923,0.0016796931076923079,-0.0035396038692307695,0.07356544599999999,0.0194332284,-2.13943464,0.0203777674,0.0043532656000000005,-1.03095252,0.275557888,-0.032501157200000005,0.47211453,5429.844238281252,5419.40205078125,5420.574121093755,5423.113183593764,"2,1,0.5,1,15",0
61,17486000,22.884000000000043,-0.00013344824624999998,-0.0001595477125,-6.34498975e-05,0.27629653125,1276.0,1275.7,1275.7,1276.4,0.0,0.0,0.0,0.0,0.0,0.0,0.0,0.0,0.007856332,0.0101200085,0.0003994765,-0.053869538499999994,-0.068234585,-9.925164500000001,3.0108683690909093,24.980242472727273,101288.81272727273,0.9999919395833333,-0.00039045281541666665,0.0017780792458333334,-0.0035675776333333334,0.074787511,0.0191006894,-2.18688974,0.0200777259,0.00422887885,-1.03051957,0.275879504,-0.0330466102,0.470402154,5431.131494140624,5428.488183593758,5421.365820312494,5432.157470703133,"2,1,0.5,1,15",0
62,17536000,22.934000000000044,0.0002106175580392156,-0.0002946704362745098,-0.0003538581237254902,0.2765158568627451,1276.0,1276.0,1276.2,1276.8,0.0,0.0,0.0,0.0,0.0,0.0,0.0,0.0,-0.0023968404,-0.0031957955,-0.0013315857,0.02274492,-0.043095466,-9.813835,3.0519348698113204,24.979930528301885,101288.33301886792,0.9999917166666668,-0.00033875776416666665,0.0019247917333333334,-0.003563073791666667,0.07584340434782609,0.018917651652173913,-2.2344258217391304,0.019660907304347826,0.004002278995652173,-1.0310993217391304,0.2751792257142857,-0.03295490928571428,0.4725055742857143,5428.361621093754,5432.312695312509,5428.153613281255,5435.539746093741,"2,1,0.5,1,15",0
63,17586000,22.984000000000044,0.0006609851889795919,0.00021452287795918368,-0.0004848830393877551,0.27655960755102044,1276.0,1276.0,1276.7,1276.3,0.0,0.0,0.0,0.0,0.0,0.0,0.0,0.0,-0.0106526425,-0.006791064,-0.00479369285,-0.013168113000000002,-0.004189681000000001,-9.85213925,3.106833696153846,24.979591,101287.70661538461,0.9999919265384616,-0.0004984313884615385,0.00180671125,-0.003554746007692308,0.0766500402173913,0.018958865782608695,-2.2820833760869563,0.019068923065217392,0.0036223594847826085,-1.0331981260869565,0.275056926,-0.032803944,0.470937576,5428.965380859381,5436.746679687509,5435.024999999996,5425.331933593735,"2,1,0.5,1,15",0
64,17636000,23.034000000000045,1.0307596078431604e-06,0.0002571085721568628,3.9520149607843124e-05,0.27644437901960783,1276.2,1276.2,1276.8,1276.0,0.0,0.0,0.0,0.0,0.0,0.0,0.0,0.0,0.00719053,-0.0058589643,-0.0010652526,0.0071826056,0.035913195,-9.873688,3.166604923076923,24.979266000000003,101286.94523076924,0.9999921276923077,-0.0005841225923076923,0.0016143861076923078,-0.0035905879538461537,0.07724181666666667,0.018955292222222222,-2.329805637037037,0.018404474814814817,0.0035764973296296292,-1.033965862962963,0.275192834,-0.0330986228,0.471904236,5434.497851562498,5427.305468749999,5436.571093749989,5427.879785156254,"2,1,0.5,1,15",0
65,17686000,23.084000000000046,-0.00042811384734693875,2.614084653061228e-05,0.0004165498881632653,0.2766268530612245,1276.7,1276.7,1276.3,1276.0,0.0,0.0,0.0,0.0,0.0,0.0,0.0,0.0,0.0046605375,0.00213052590818595,0.0025299979,-0.013766661999999999,-0.051475175,-9.821615,3.143852246153846,24.978940961538463,101287.23076923078,0.9999920916666667,-0.0004150477479166667,0.0015788911083333334,-0.0036436750333333334,0.077664775,0.018916528333333335,-2.377578738888889,0.017683090555555555,0.003793108811111111,-1.033687761111111,0.27746842173913044,-0.03305298878260869,0.4718870182608696,5433.864206414463,5429.133146587177,5426.335680509866,5436.515239514819,"2,1,0.5,1,15",0
66,17736000,23.134000000000047,-1.0920723076922865e-06,-0.0003109915146153846,0.00040212638769230767,0.27707598461538463,1276.8,1276.8,1276.0,1276.0,0.0,0.0,0.0,0.0,0.0,0.0,0.0,0.0,-0.0071905362,0.002396841,0.0010652711,0.01436521,0.0143653825,-9.829395,3.3334584,24.978615,101285.0,0.9999918815384615,-0.0003728336476923077,0.0016615723076923077,-0.003667089276923077,0.077950724,0.0187949588,-2.42574288,0.0170371888,0.00373069776,-1.0345137800000002,0.27439398,-0.03332718,0.47245455,5433.807519531246,5441.315332031265,5436.382226562504,5439.291210937498,"2,1,0.5,1,15",0
67,17786000,23.184000000000047,0.000183278639525,-7.033614250000003e-05,0.00025415247125,0.276888255,1276.3,1276.3,1276.0,1276.0,0.0,0.0,0.0,0.0,0.0,0.0,0.0,0.0,-0.00019973134506425002,-0.01231712125,0.001265001175,0.034715930549999996,-0.00329185425,-9.897931,3.3334584,24.978286153846156,101284.98076923077,0.9999916741666666,-0.00047411479666666664,0.0016839943333333334,-0.0036995383,0.078031159,0.0185491808,-2.4744935800000003,0.0165045108,0.00324975291,-1.0369959800000002,0.276043295,-0.032963499,0.471508935,5436.500585937503,5437.146826171857,5438.635742187513,5430.876318359361,"2,1,0.5,1,15",0
68,17836000,23.234000000000048,-9.089975052307693e-05,4.140292769230772e-05,0.0001288438423076923,0.27635578384615384,1275.8,1275.8,1275.8,1275.8,0.0,0.0,0.0,0.0,0.0,0.0,0.0,0.0,0.010386323,-0.005060017,0.0055926405,-0.0047884043,0.008379881,-9.953894,3.405895628571429,24.977980714285714,101284.12628571429,0.9999920153846154,-0.0004334570446153846,0.0014653144923076923,-0.003706774153846154,0.078152428,0.0184841976,-2.523833,0.0160413198,0.0030905093600000003,-1.0394237400000002,0.27582055,-0.033991203,0.47041184,5433.277246093745,5424.17646484374,5434.96386718749,5432.265429687507,"2,1,0.5,1,15",0
69,17886000,23.28400000000005,-6.526658125000003e-05,-0.00021668808124999998,-3.41736075e-05,0.2758658425,1275.3,1275.3,1275.3,1275.3,0.0,0.0,0.0,0.0,0.0,0.0,0.0,0.0,-0.002263679,0.00306263715,0.001997372725,-0.0041898527,-0.015562138,-9.804256500000001,3.429344926923077,24.977633153846153,101283.83942307692,0.9999922022727272,-0.0003463815118181818,0.0014240706454545454,-0.003671268122727273,0.07833494799999999,0.0186904066,-2.5740555,0.0156823593,0.00341381776,-1.0417698400000002,0.27575926500000003,-0.032383043,0.47206357,5422.756201171864,5422.654833984377,5425.467041015621,5427.8436035156155,"2,1,0.5,1,15",0
70,17936000,23.33400000000005,5.745843076923078e-05,-0.0002276057269230769,-1.4857518461538455e-05,0.27530743384615386,1274.8,1274.8,1274.8,1274.8,0.0,0.0,0.0,0.0,0.0,0.0,0.0,0.0,-0.0023968473000000002,-0.00133158075,0.0005326325500000003,-0.01376666215,0.0484827575,-9.9024195,3.4934498307692308,24.977298923076923,101283.05961538461,0.99999225,-0.0004604864285714286,0.001454267157142857,-0.0036468493714285717,0.078489742,0.019205472600000002,-2.62463714,0.0151612808,0.00406755144,-1.04391092,0.27644053,-0.03427029,0.4710841,5414.522949218742,5420.146777343741,5421.780859374993,5419.222656249992,"2,1,0.5,1,15",0
71,17986000,23.38400000000005,-0.00030904516499999997,-0.00013394370525,7.5153783125e-05,0.2746150875,1274.3,1274.3,1274.3,1274.3,0.0,0.0,0.0,0.0,0.0,0.0,0.0,0.0,0.004527376275,0.00146473828,0.0010652647949999999,0.016160864375,-0.0143650364,-9.875782999999998,3.5084378115384616,24.976969346153847,101282.86815384615,0.9999922598039216,-0.0005072137764705883,0.0014423237980392158,-0.0036361175882352937,0.078602947,0.0201838241,-2.67575749,0.014397025300000001,0.00521692304,-1.04574447,0.275637165,-0.0331047645,0.472397635,5409.69287109375,5414.70068359375,5412.45751953125,5413.94140625,"2,1,0.5,1,15",0
72,18036000,23.43400000000005,-0.0002394297592307692,-0.00018224230092307692,-0.00011897852000000001,0.27450128461538464,1274.2,1274.2,1274.0,1273.8,0.0,0.0,0.0,0.0,0.0,0.0,0.0,0.0,-0.002929467575,-0.006857641249999999,0.0029294831500000004,-0.051475335250000004,-0.01466431575,-9.729137249999999,3.5136747076923074,24.97663953846154,101282.81076923077,0.999992501111111,-0.0004000442488888889,0.001409723957777778,-0.0036001001933333335,0.07859682800000001,0.021164692000000002,-2.7267515,0.0134175078,0.0063859244,-1.0460383,0.27578749999999996,-0.03285791686956522,0.47182494782608697,5410.50662667412,5404.875348772322,5406.486049107146,5407.122628348203,"2,1,0.5,1,15",0
73,18086000,23.48400000000005,0.00021406842500000002,-0.00031230353,0.00015965495,0.27471535625,1274.7,1274.7,1274.0,1273.3,0.0,0.0,0.0,0.0,0.0,0.0,0.0,0.0,-0.010918965249999999,-0.0013315642,-0.0022636819,-0.0424970835,0.014365383,-9.855134,3.5902393846153844,24.976310384615385,101281.88423076924,0.99999248125,-0.0005563910625,0.0012878024375,-0.0036384709875,0.078411723,0.0221493345,-2.777556,0.0121150973,0.0075843704,-1.04402255,0.274111809,-0.0331059278,0.470703884,5412.179150390628,5416.422998046894,5404.856347656243,5408.373828124999,"2,1,0.5,1,15",0
74,18136000,23.534000000000052,0.0003619604384615385,-7.724121076923076e-05,0.0005170672088461539,0.27473704615384614,1275.0,1274.6,1274.2,1273.4,0.0,0.0,0.0,0.0,0.0,0.0,0.0,0.0,-0.0047936924,-0.00079895003,0.002130524,-0.0011971008,0.016759584,-9.76116,3.6436903384615382,24.975982153846154,101281.25,0.9999920185714286,-0.0007690367,0.0012609556285714286,-0.0037292445714285716,0.07838099695652173,0.022970749999999998,-2.828456547826087,0.010747490565217392,0.008538005826086957,-1.0419157739130436,0.278024876,-0.0328031548,0.47122560399999996,5409.967578124995,5417.396972656248,5407.156054687484,5407.484179687501,"2,1,0.5,1,15",0
75,18186000,23.584000000000053,0.00010830510625000001,0.00046936196875,-0.000230902860625,0.274875695,1275.0,1273.6,1274.7,1274.4,0.0,0.0,0.0,0.0,0.0,0.0,0.0,0.0,-0.00585895325,-0.00226369775,0.0006657902500000002,-0.0059855045499999995,0.0029929221,-9.709685,3.720435703846154,24.975655423076923,101280.33076923076,0.9999921475,-0.0008824770520833334,0.0011432107583333334,-0.003716044175,0.07858183934782609,0.023547325,-2.8795011673913042,0.00928208947826087,0.009124425391304349,-1.0396724586956523,0.27623684,-0.0329432541,0.472320744,5406.365527343742,5413.048242187502,5412.430957031252,5415.669140625022,"2,1,0.5,1,15",0
76,18236000,23.634000000000054,-0.00014967359461538461,0.0007656426384615384,-0.0004477678076923077,0.2897418430769231,1280.8,1279.4,1280.8,1280.8,0.0,0.0,0.0,0.0,0.0,0.0,0.0,0.0,-0.005060005,-0.007456856,0.00292947,0.05985505,0.038307402,-9.849746,3.782734892307692,24.97532676923077,101279.57384615384,0.99999255,-0.0008971266041666667,0.0008830304858333333,-0.0036701673166666666,0.07908167103703705,0.02411428174074074,-2.9316435999999997,0.008897551481481481,0.009833234962962963,-1.0632973481481482,0.27715281599999997,-0.033117322,0.47243272000000003,5689.694140625389,5677.684960937892,5692.4670898441345,5689.057617187886,"2,1,0.5,1,15",0
77,18286000,23.684000000000054,0.00029962044499999996,0.00020396075625,-2.772243125e-05,0.3099858625,1295.3,1295.4,1295.3,1295.3,0.0,0.0,0.0,0.0,0.0,0.0,0.0,0.0,-0.007456848699999999,0.0030626409,0.0009321062000000001,-0.0293289765,0.0077813546,-11.410167999999999,3.8193921,24.974988,101279.125,0.9999925153846154,-0.0010498755692307693,0.0007696086842307692,-0.0036317351615384615,0.07981642288888889,0.02467368127777778,-2.9846486,0.009362263055555556,0.010638208111111111,-1.1072472555555555,0.277319678,-0.0352866332,0.47147848800000003,5822.5815917968675,5818.678222656258,5824.482177734364,5820.671679687488,"2,1,0.5,1,15",0
78,18336000,23.734000000000055,0.0004948245868627451,-0.00039012177352941175,3.7618067647058803e-05,0.3013955196078431,1301.4757281553398,1301.893203883495,1301.2815533980583,1301.0873786407767,0.0,0.0,0.0,0.0,0.0,0.0,0.0,0.0,0.00026632706,0.008788437,0.004527369,0.058657948,0.01915381,-11.117477,3.8849842,24.97462917647059,101278.3488235294,0.999992226923077,-0.0012245005384615385,0.0008825801384615385,-0.0036499939384615383,0.0804727936116505,0.025198354592233012,-3.040507949514563,0.009744867475728156,0.011296416660194175,-1.155321549514563,0.276591778,-0.03343253,0.471446296,5739.890907689041,5748.023771587076,5739.283537212054,5744.037263568973,"2,1,0.5,1,15",0
79,18386000,23.784000000000056,0.00017386522326923076,4.370525076923085e-05,-0.00016458340269230766,0.2942479273076923,1295.1650485436894,1294.126213592233,1294.485436893204,1293.8058252427184,0.0,0.0,0.0,0.0,0.0,0.0,0.0,0.0,-0.00732369815,-0.0033289446500000004,0.00466053075,-0.033518829,0.036511767,-10.7038785,3.929725,24.974260365384616,101277.81894230768,0.9999919520833332,-0.0012826802166666668,0.0010492837291666667,-0.0036623230625000003,0.0810115926407767,0.025670938572815535,-3.1006488233009706,0.010004311165048543,0.011734478310679612,-1.2095824233009709,0.275026542,-0.035770693299999996,0.47117712,5651.455419921789,5655.548486328019,5659.59086914055,5656.906542968648,"2,1,0.5,1,15",0
80,18436000,23.834000000000056,-0.00012131356448979593,0.0004945434969387756,0.00013348542408163269,0.28869184612244897,1289.4226804123712,1287.9484536082475,1288.7731958762886,1287.9484536082475,0.0,0.0,0.0,0.0,0.0,0.0,0.0,0.0,0.0031957896,-0.0037284256,0.0026631667,-0.043095633,0.021547997,-10.340557,3.9594895283018867,24.973871094339625,101277.43849056604,0.999992,-0.0012994731166666666,0.0009205536366666666,-0.0036782528166666665,0.08139451742268042,0.026163137061855673,-3.1622574639175256,0.010127676030927835,0.01214915206185567,-1.2525387360824742,0.27573990173913043,-0.03393600504347826,0.47005539782608696,5591.735839843674,5582.602329799041,5589.304687499929,5582.581891741019,"2,1,0.5,1,15",0
81,18486000,23.884000000000057,8.405739875000002e-05,-0.00039920533,-0.000158443476125,0.28485015750000003,1284.7835051546392,1284.8556701030927,1285.1649484536083,1284.8556701030927,0.0,0.0,0.0,0.0,0.0,0.0,0.0,0.0,-0.0018642076349999997,0.0057258028499999995,0.00332894745,-0.0347159285,0.009576982999999997,-10.002377500000001,4.040599230769231,24.973454269230768,101276.46807692308,0.999992,-0.0012726217125,0.000957881035,-0.00366260565,0.08147486278350516,0.026693410773195876,-3.226715298969072,0.009986887886597937,0.012518425773195875,-1.2735509010309278,0.276092466,-0.03523627,0.47134002,5534.4183593749485,5536.024218749953,5533.729003906198,5541.247900390581,"2,1,0.5,1,15",0
82,18536000,23.934000000000058,0.0003175168711764706,-0.00042575304764705884,-0.00021772802339215685,0.2821426298039216,1281.4,1282.2,1282.2,1282.2,0.0,0.0,0.0,0.0,0.0,0.0,0.0,0.0,-0.0097205378,-0.0061252768,-0.0026631589343770004,-0.007781152999999999,0.07601609000000001,-10.0227275,4.129804323076923,24.973050999999998,101275.42846153847,0.9999919846153846,-0.0013446739461538462,0.0010605323,-0.003628228269230769,0.0811778172,0.0274637492,-3.2911916,0.009483140059999999,0.0132658896,-1.289177,0.27826029999999996,-0.0349732292,0.471095916,5503.340152138132,5504.3191046463535,5505.696803042726,5503.911158511455,"2,1,0.5,1,15",0
83,18586000,23.98400000000006,3.522966571428572e-05,-0.0001181596135510204,-0.0003366931773469388,0.2801206336734694,1279.9,1280.2,1280.2,1280.2,0.0,0.0,0.0,0.0,0.0,0.0,0.0,0.0,-0.00219710012387525,-0.003994737725,0.0023302668,0.019752163500000003,0.010774080525,-9.790192000000001,4.196257026923077,24.972646423076924,101274.61653846153,0.99999190625,-0.0014801858125,0.0010076692625000001,-0.0036185886875,0.0803146852,0.0285941847,-3.3556956,0.008434952709999999,0.014580638600000001,-1.296724,0.27639476,-0.0350411185652174,0.47109254695652175,5474.173057154569,5475.277549342073,5480.639083059192,5480.449527138131,"2,1,0.5,1,15",0
84,18636000,24.03400000000006,0.00014120651461538462,-6.60461806153846e-05,-3.5620794615384615e-05,0.27921595384615383,1278.8,1278.8,1279.0,1279.0,0.0,0.0,0.0,0.0,0.0,0.0,0.0,0.0,-0.0021305354,-0.0053263186,0.0026631653,-0.016759416,0.070629135,-9.751583,4.261626384615385,24.972232384615385,101273.80461538461,0.9999919432203389,-0.001544403793220339,0.0009596014152542373,-0.0035768967169491524,0.07914823879999999,0.0298246552,-3.41982814,0.00712889284,0.015752638200000002,-1.29896276,0.27768785,-0.03485459,0.47112837,5465.927636718746,5465.863378906246,5464.609082031251,5465.482812499999,"2,1,0.5,1,15",0
85,18686000,24.08400000000006,0.00011784249525,-0.00025270812625,-0.0001327776875,0.27898799375,1278.3,1278.3,1279.0,1279.0,0.0,0.0,0.0,0.0,0.0,0.0,0.0,0.0,-0.011946179714285715,-0.003842560885714286,-3.8045992740571395e-05,0.005985504342857143,-0.04685777828571428,-9.701647571428571,4.324441357142857,24.971831285714288,101273.06375,0.9999919008474577,-0.0016959312508474575,0.0008980846355932204,-0.003555123072881356,0.0775268208,0.0312051782,-3.4834034899999997,0.00543602419,0.016710513700000002,-1.2932391600000002,0.27693887500000003,-0.034909394999999996,0.47085185500000004,5455.532812499991,5461.5433593749985,5462.723583984382,5457.594873046857,"2,1,0.5,1,15",0
86,18736000,24.13400000000006,0.0003453788178461539,-0.00043522605846153844,-0.00041028511538461536,0.27874861153846153,1277.8058252427184,1278.0,1278.611650485437,1278.611650485437,0.0,0.0,0.0,0.0,0.0,0.0,0.0,0.0,0.0039947587,-0.006657895,-0.0015978933,-0.011971008,0.0442929,-9.685743,4.354751545454546,24.971450054545453,101272.71918181817,0.9999919307142857,-0.0018067541571428571,0.0007938343214285715,-0.0035036465071428572,0.07577003873786407,0.03252272539805825,-3.546849263106796,0.003471337116504855,0.017670734533980582,-1.2890796019417476,0.27495536,-0.034346566,0.4707401,5460.5103515625015,5453.55722656248,5457.50703125,5461.888378906242,"2,1,0.5,1,15",0
87,18786000,24.18400000000006,0.0006105525470588235,-0.0006273443011764705,-0.0001935191776470588,0.27836055470588233,1277.3203883495146,1278.0,1277.6407766990292,1277.6407766990292,0.0,0.0,0.0,0.0,0.0,0.0,0.0,0.0,-0.008179705614285713,-0.0014076688571428566,-0.0017500917571428572,-0.020521730285714287,0.07712766914285714,-9.748847142857143,4.444383363636364,24.971038236363636,101271.64645454545,0.9999922538461538,-0.0018330801615384616,0.0006817384273076924,-0.0034291788,0.07381021058252428,0.03374580889320388,-3.6101006708737864,0.0010989224077669903,0.018634473368932036,-1.2872661067961166,0.27762130391304346,-0.035309424695652174,0.4708815260869565,5450.448987458882,5457.246556332239,5455.09457236841,5456.716308593735,"2,1,0.5,1,15",0
88,18836000,24.234000000000062,0.00030467299775510204,-6.613373224489795e-05,0.00013332677363265307,0.27796356857142857,1277.1752577319587,1278.0,1277.1752577319587,1277.0,0.0,0.0,0.0,0.0,0.0,0.0,0.0,0.0,0.0023968413,-0.00958738,-0.0007989545,-0.037110135,-0.046686772,-9.6845455,4.53496967368421,24.970640578947368,101270.52894736842,0.9999919038461539,-0.0019929454153846155,0.0005632418769230769,-0.0034541720769230766,0.0718341487628866,0.03477352734020618,-3.6729648762886598,-0.0008010847628865979,0.018912017134020617,-1.2836618948453609,0.27851366439999997,-0.03385355796,0.4714931564,5449.315234374989,5450.098437499979,5445.796777343759,5446.857421875004,"2,1,0.5,1,15",0
89,18886000,24.284000000000063,0.000268812095,0.00027399780749999997,0.00012859880875000003,0.27801685125,1277.6907216494844,1278.0,1277.6907216494844,1277.0,0.0,0.0,0.0,0.0,0.0,0.0,0.0,0.0,-0.005725812675,-0.009653947999999999,0.002396838,0.0008978257499999975,0.0344168225,-9.72614675,4.5494666,24.97021353846154,101270.39846153847,0.9999919568181818,-0.002054090454545455,0.0002392434868181818,-0.0034448633318181817,0.06982657453608247,0.03542200775257732,-3.7350774536082474,-0.001784065536082474,0.01785753517525773,-1.2765815855670102,0.279145855,-0.0350733498,0.46922593300000004,5447.600702194939,5447.574009486618,5452.714332217267,5444.723144531249,"2,1,0.5,1,15",0
90,18936000,24.334000000000064,7.045435076923079e-05,-9.068304538461543e-05,0.00027247247307692307,0.27805387,1278.0,1277.8,1277.8,1277.0,0.0,0.0,0.0,0.0,0.0,0.0,0.0,0.0,0.00346210755,-0.0031957956481036,-0.0027963207,-0.02873042305,0.0377088475,-9.7108835,4.621697676923077,24.969807,101269.50538461539,0.9999921166666668,-0.0021025011666666667,9.093171666666666e-05,-0.0033961818833333334,0.068184044,0.0357800182,-3.79705924,-0.0027343474,0.016326407799999998,-1.2707703,0.278113864,-0.0346881182,0.47037082799999996,5449.128613281245,5450.297363281248,5451.048535156249,5445.487109375009,"2,1,0.5,1,15",0
91,18986000,24.384000000000064,-0.000281226385,-0.00038957952625000004,0.00025422773125,0.27790727625,1278.0,1277.3,1277.3,1277.0,0.0,0.0,0.0,0.0,0.0,0.0,0.0,0.0,0.00679106165,-0.0030626299500000004,-0.003861591,-0.0005985502500000001,0.017358134500000004,-9.7821115,4.653659592307692,24.969408461538464,101269.09953846154,0.9999922714285714,-0.001994453785714286,5.9297041071428564e-05,-0.0034018381571428572,0.067089079,0.035702323700000003,-3.8588448399999997,-0.0036355809,0.0140803123,-1.26686255,0.277339591,-0.0340780154,0.469805979,5446.470238095245,5452.843145461314,5444.444103422608,5448.9403366815395,"2,1,0.5,1,15",0
92,19036000,24.434000000000065,-0.00016875163145454544,0.0004194625072727273,0.0002611034636363636,0.2777217290909091,1278.0,1277.0,1277.1923076923076,1277.0,0.0,0.0,0.0,0.0,0.0,0.0,0.0,0.0,0.00905474935,-0.0067910609,-0.0019973753,-0.006584057000000001,-0.0377085175,-9.6773635,4.777716107692307,24.969011769230768,101267.63769230769,0.9999926,-0.0017730399583333334,-6.818169166666668e-05,-0.003433944875,0.06623507115384615,0.03548953834615385,-3.9200236615384614,-0.0036577225384615388,0.011703664230769231,-1.2619919,0.27714463,-0.0341946764,0.47086839799999997,5445.634082031243,5443.994238281253,5448.109960937505,5441.93105468749,"2,1,0.5,1,15",0
93,19086000,24.484000000000066,4.7857909999999995e-06,0.0007656508412244898,0.00019795215000000002,0.2777333414285714,1278.0,1277.0,1277.673076923077,1277.0,0.0,0.0,0.0,0.0,0.0,0.0,0.0,0.0,0.0134489665,-0.002396842675,-0.001797628352621925,0.06464344250000001,-0.0263360515,-9.74799325,4.831167,24.968615615384614,101267.00346153846,0.9999926352941176,-0.0015802651470588236,-0.00028472065882352945,-0.0034914264411764705,0.06574249903846154,0.03507411671153846,-3.9802923153846153,-0.0023612263846153844,0.009131187307692308,-1.2556768999999999,0.278716744,-0.03345568,0.46989396499999997,5449.972216796874,5442.6524902343735,5443.3745117187445,5439.06889648439,"2,1,0.5,1,15",0
94,19136000,24.534000000000066,-0.00016686062533333336,0.000338413081,-0.00020464820499999998,0.27803537333333334,1278.0,1277.1666666666667,1278.0,1277.1666666666667,0.0,0.0,0.0,0.0,0.0,0.0,0.0,0.0,0.012990310777777778,0.011362814666666667,0.004201890222222222,0.028730420555555556,0.049214322666666664,-9.632671222222221,4.85767994117647,24.968236450980392,101266.65490196078,0.9999929377358491,-0.001323288679245283,-0.00027848372764150943,-0.0035038415471698114,0.06535963933333333,0.03463546,-4.040391,-0.0010463086,0.0072586542500000005,-1.24922125,0.278632772,-0.033865436,0.47027155,5447.608447265627,5443.6563720703325,5447.408984374985,5447.7487060547055,"2,1,0.5,1,15",0
95,19186000,24.584000000000067,-0.00051807631,-8.4498160625e-05,7.576653124999989e-06,0.2784824025,1278.0,1277.6875,1278.0,1277.6875,0.0,0.0,0.0,0.0,0.0,0.0,0.0,0.0,0.0037284352999999997,0.018775285,0.002663188,0.030526074,-0.0053867815,-9.804855,4.942075594339623,24.967839226415094,101265.63405660377,0.9999933058333333,-0.0010359502625000001,-1.1034187041666667e-05,-0.0035048196166666667,0.06520991849999999,0.03414742875,-4.100128499999999,0.0003077551500000001,0.00687350190625,-1.2424667187499998,0.27697274699999996,-0.0331574755,0.469894616,5447.935742187486,5455.403027343775,5449.856787109376,5459.16000976565,"2,1,0.5,1,15",0
96,19236000,24.634000000000068,-0.00029192534461538463,-0.00015707418076923077,0.00020232423846153848,0.27857386307692306,1277.8076923076924,1277.8076923076924,1278.0,1278.0,0.0,0.0,0.0,0.0,0.0,0.0,0.0,0.0,0.0030626344499999998,0.0053263245,-0.00106526128,-0.019752167,0.0209494385,-9.72046,5.018606615384615,24.967437846153846,101264.73461538462,0.9999934366666667,-0.0009294639058333333,0.00023379864083333333,-0.0035205931,0.06508845023076923,0.03376189076923077,-4.159377673076922,0.0011193081884615383,0.006694472596153847,-1.2377155384615384,0.278476532,-0.035451681,0.470282104,5454.041601562497,5454.233886718746,5453.563476562503,5458.727929687499,"2,1,0.5,1,15",0
97,19286000,24.68400000000007,-1.7693723076923147e-06,-0.00016975725215384615,5.980321076923077e-05,0.2783415176923077,1277.326923076923,1277.326923076923,1278.0,1278.0,0.0,0.0,0.0,0.0,0.0,0.0,0.0,0.0,-0.001501059309090909,0.006561056181818182,0.0020579042545454543,-0.022853743818181817,0.030907141399999997,-9.730253181818181,5.05201691372549,24.967047098039217,101264.33254901961,0.999993376923077,-0.0009345447042307692,0.00034984052615384616,-0.0035230765307692306,0.0650093608076923,0.033530092692307695,-4.21789435576923,0.0011170951596153845,0.0068246278365384615,-1.2359693846153845,0.2797695439130435,-0.03434476169565217,0.4705581660869565,5448.512181332219,5451.5490337170995,5453.54397101151,5454.762541118415,"2,1,0.5,1,15",0
98,19336000,24.73400000000007,-0.00014528671500000002,-7.391832933333333e-05,-0.00029745481,0.27810915999999997,1277.1666666666667,1277.1666666666667,1278.0,1277.8333333333333,0.0,0.0,0.0,0.0,0.0,0.0,0.0,0.0,-0.0037284256,0.00026632095,-0.00026631897,0.0,-0.04070126,-9.722853,5.107729722641509,24.966657660377358,101263.66754716981,0.9999931846153847,-0.0009294088569230769,0.00044039931692307693,-0.0035536012076923078,0.06487516545454546,0.033305276545454544,-4.2767862999999995,0.001526665809090909,0.006703571872727273,-1.2334950545454546,0.2773895,-0.033297525200000004,0.471605424,5450.462597656255,5450.855078125009,5446.678027343751,5448.412304687482,"2,1,0.5,1,15",0
99,19386000,24.78400000000007,0.000149526511875,5.5986541249999994e-05,2.6153091249999993e-05,0.278057025,1277.6875,1277.6875,1278.0,1277.3125,0.0,0.0,0.0,0.0,0.0,0.0,0.0,0.0,-0.0033955347,-0.0022636817,0.00033289945000000015,0.027832596625,0.002693646250000001,-9.696816,5.169749557692308,24.966269076923076,101262.93307692307,0.9999930041666667,-0.0009564103508333333,0.0004349252283333333,-0.003601629895833333,0.06462387,0.033095296999999996,-4.336475675,0.002811276775,0.0060486921,-1.2294733500000001,0.276347727,-0.0342941744,0.471100092,5450.2977050781265,5448.830371093749,5450.515966796883,5446.24384765624,"2,1,0.5,1,15",0
100,19436000,24.83400000000007,0.00010017861058823528,0.00018405613745098038,-5.2650824313725465e-05,0.2781257568627451,1278.0,1278.0,1277.8,1277.2,0.0,0.0,0.0,0.0,0.0,0.0,0.0,0.0,0.0010652608,0.0037284272,2.4292162e-09,0.057460837,0.08260014,-9.680956,5.210910803921569,24.965881098039215,101262.42666666667,0.9999930916666666,-0.0009530504608333334,0.00044104781833333336,-0.0035787320916666667,0.06463175425925925,0.033136431777777774,-4.395546366666667,0.0038132846,0.006203960881481481,-1.2251874296296297,0.27723297,-0.0334287466,0.471440684,5450.3700143914575,5448.578741776328,5449.798314144718,5447.799187911177,"2,1,0.5,1,15",0
101,19486000,24.88400000000007,-0.0001649876257142857,-7.881766408163266e-05,-0.00016329466836734695,0.2781653951020408,1278.0,1278.0,1277.3,1277.7,0.0,0.0,0.0,0.0,0.0,0.0,0.0,0.0,-0.0010652645500000002,0.0077231672000000005,-0.00292948045,-0.023942018,0.039504502999999996,-9.7078895,5.267183305660378,24.96549366037736,101261.75728301887,0.999992976923077,-0.000949808115,0.0005181984576923078,-0.003593867642307692,0.06484327972222222,0.03337487066666667,-4.454130950000001,0.0045932470999999996,0.006995774955555555,-1.220693911111111,0.278685098,-0.0335195738,0.47043931,5450.340673828122,5452.1895996093945,5445.654687499982,5451.933789062509,"2,1,0.5,1,15",0
102,19536000,24.934000000000072,-0.00028814402846153846,-0.00022063276384615382,0.0001776582692307692,0.27821394384615383,1277.8,1278.0,1277.2,1278.0,0.0,0.0,0.0,0.0,0.0,0.0,0.0,0.0,-0.0026631645,0.00013315600000000016,0.0006657915500000002,-0.0029927525999999993,0.02035088735,-9.697115,5.324504553846154,24.96510692307692,101261.07969230769,0.9999928041666667,-0.0009494195916666667,0.0006341504958333334,-0.0036222409833333333,0.065282786,0.0337618848,-4.5126573,0.00538528984,0.00753579902,-1.21637906,0.277331794,-0.0338420136,0.471794048,5452.650000000003,5449.2484374999985,5449.560449218763,5448.610351562492,"2,1,0.5,1,15",0
103,19586000,24.984000000000073,2.4455182500000025e-05,0.00013425762937500002,-0.000144961875,0.27824599375000003,1277.3,1278.0,1277.7,1278.0,0.0,0.0,0.0,0.0,0.0,0.0,0.0,0.0,-0.00173105875,0.005792375775000001,0.0021305292250000003,0.016759412,0.0008979955000000001,-9.71148175,5.425808369230769,24.964722846153844,101259.85769230769,0.9999928326923078,-0.0010250838615384614,0.0006028382365384615,-0.0035903225038461536,0.0660642635,0.034371761800000004,-4.5710963,0.00619545294,0.00769813807,-1.21233221,0.27768483899999996,-0.0336759525,0.47119691799999996,5453.646777343751,5447.329931640626,5452.903076171875,5450.3770996093735,"2,1,0.5,1,15",0
104,19636000,25.034000000000074,0.0005219173661538462,-0.00019197747230769233,-0.0003465594230769231,0.27799666923076927,1277.2,1278.0,1277.8,1277.6,0.0,0.0,0.0,0.0,0.0,0.0,0.0,0.0,-0.004261069,0.012783172,0.0047936887,0.040701427,-0.03471575,-9.927559,5.49135823076923,24.96433946153846,101259.08153846154,0.9999926975,-0.0012036890166666667,0.0006946483833333334,-0.003558722291666667,0.06685988,0.034736027200000005,-4.6296117,0.00721244864,0.0074542088,-1.20882818,0.275837714,-0.0344001132,0.470898974,5441.525683593717,5452.098730468755,5452.904296874984,5451.432421875011,"2,1,0.5,1,15",0
105,19686000,25.084000000000074,0.00011166572250000001,-0.00028318252749999994,-0.00011114203750000001,0.27765314750000003,1277.7,1278.0,1277.3,1276.6,0.0,0.0,0.0,0.0,0.0,0.0,0.0,0.0,0.002396841715,0.0042610605,0.00133158304,0.014963759,-0.0299273585,-9.6594075,5.486843807692307,24.96395446153846,101259.11230769231,0.9999926612500001,-0.001315707275,0.00097377305875,-0.0034809669624999997,0.067676705,0.034731875200000005,-4.6882417,0.00853969324,0.0066008770500000005,-1.20613838,0.278831931,-0.033703786300000003,0.470778268,5437.585546875021,5445.128076171865,5444.527539062497,5449.908593749985,"2,1,0.5,1,15",0
106,19736000,25.134000000000075,-0.00017179519,0.0003749463023076923,0.0003532126576923078,0.2777529369230769,1277.8,1278.2,1276.8,1276.4,0.0,0.0,0.0,0.0,0.0,0.0,0.0,0.0,0.0031958153,-0.0119842235,0.0047936835,0.025139121,1.6896453e-07,-9.680956,5.566839384615384,24.963571923076923,101258.14461538462,0.9999926785714286,-0.0012191407714285715,0.0009513343114285715,-0.0035068233999999998,0.06861180869565217,0.034542720086956524,-4.7465934608695655,0.009676188260869566,0.005425656369565217,-1.2025274130434782,0.277288038,-0.0341120934,0.4714698,5449.802734375009,5439.099511718727,5450.177832031264,5441.802539062512,"2,1,0.5,1,15",0
107,19786000,25.184000000000076,-0.0001787581775,-1.155145749999996e-05,4.4503543749999986e-05,0.27789195125,1277.3,1278.7,1276.3,1277.4,0.0,0.0,0.0,0.0,0.0,0.0,0.0,0.0,0.001464738,0.0019973629,0.0031292157500000008,-0.0451905545,0.0005987202500000004,-9.704898,5.613789384615385,24.963190307692308,101257.58307692307,0.9999931477272728,-0.0010619092954545454,0.0009064028163636364,-0.003441840809090909,0.06972433043478261,0.03407606030434783,-4.804527863043479,0.010526558913043478,0.003767602293478261,-1.197534695652174,0.277292211,-0.0344033403,0.471454085,5445.741113281231,5443.473046875016,5453.0735351562535,5445.5245605468845,"2,1,0.5,1,15",0
108,19836000,25.234000000000076,-2.2362970769230776e-05,-0.00044409920461538463,0.00038620952692307694,0.2778742507692308,1277.2,1278.6,1276.0,1277.8,0.0,0.0,0.0,0.0,0.0,0.0,0.0,0.0,0.0018642192,0.011451594,-0.0023968464,-0.016759414,-0.055066474,-9.853339,5.648460176923077,24.96280953846154,101257.182,0.9999930714285714,-0.0009784319857142857,0.0011449331714285713,-0.003426439685714286,0.07066272925925926,0.03361636892592593,-4.861955514814815,0.011263905592592592,0.0025254263074074076,-1.1945758333333332,0.275638834,-0.0352090874,0.471978438,5441.7857421875015,5453.3975585937515,5443.584179687496,5449.165234374998,"2,1,0.5,1,15",0
109,19886000,25.284000000000077,-0.00020864467500000003,0.0002535333675,0.00033875558125,0.2776399875,1277.7,1277.6,1276.0,1277.3,0.0,0.0,0.0,0.0,0.0,0.0,0.0,0.0,0.0038615754999999996,-0.00173104095,-0.007323698199999999,0.0035913010000000016,0.0275334875,-9.6486345,5.7674606576923075,24.96242884615385,101255.74307692309,0.9999929,-0.0008678323820833334,0.0012548331833333332,-0.0034600919916666665,0.07146431722222223,0.03316215272222222,-4.918985005555556,0.011912447722222223,0.0016100116777777779,-1.193215,0.276449819,-0.0331485551,0.470540307,5448.155029296885,5447.096289062495,5443.249023437501,5439.613964843728,"2,1,0.5,1,15",0
110,19936000,25.334000000000078,-0.00037772216274509804,-0.00016787310039215685,0.0003096600588235294,0.277464968627451,1277.6,1277.0,1276.2,1277.0,0.0,0.0,0.0,0.0,0.0,0.0,0.0,0.0,0.012783177,-0.0037284323,0.002663142,0.017956514,-0.005985334,-9.762358,5.8171196,24.96205,101255.17,0.9999928957446809,-0.0006555977065957448,0.0011971317914893618,-0.003530340944680851,0.07198770800000001,0.0328911958,-4.97603976,0.0119486108,0.0012117858999999998,-1.1911923599999998,0.275335638,-0.0333418956,0.47029210600000004,5448.41201171873,5439.811328124983,5441.286230468753,5440.250097656257,"2,1,0.5,1,15",0
111,19986000,25.38400000000008,3.729099959183676e-05,-0.00052633244,-0.00021338158979591839,0.2772946432653061,1276.6,1277.0,1276.7,1277.0,0.0,0.0,0.0,0.0,0.0,0.0,0.0,0.0,0.00106526108,0.003595268875,0.0033955318749999998,-0.027234047499999997,-0.060752701750000006,-9.731832,5.876958031372549,24.961669607843138,101254.44450980391,0.9999928571428571,-0.0005579959671428572,0.0013471806571428572,-0.003490553871428571,0.07209380300000001,0.0328951278,-5.03313241,0.0110662053,0.0015893434,-1.18817701,0.2778017361904762,-0.0323097119047619,0.47209590285714287,5438.413364955353,5440.996837797613,5440.159551711317,5449.398042224723,"2,1,0.5,1,15",0
112,20036000,25.43400000000008,2.9144738461538762e-06,-0.0001424213746153846,5.388757692307688e-05,0.2773530376923077,1276.2,1276.8,1277.0,1277.0,0.0,0.0,0.0,0.0,0.0,0.0,0.0,0.0,-0.0041131022,-0.000325501311111111,0.0021305353184311888,0.012636064,0.015961514,-9.695053000000001,5.935668738461539,24.961292615384615,101253.74211538461,0.9999929153846153,-0.0005583654976923077,0.0014048187076923077,-0.0034490086692307693,0.07191506,0.033110047600000005,-5.0903092,0.00982140948,0.00190061866,-1.18525466,0.27654704782608697,-0.03149430039130435,0.4727449956521739,5435.84605189734,5439.368931361596,5437.463657924123,5447.075613839273,"2,1,0.5,1,15",0
113,20086000,25.48400000000008,0.00020692842387499998,0.00016491714875,0.0003866713575,0.27734444375,1276.7,1276.3,1277.0,1277.0,0.0,0.0,0.0,0.0,0.0,0.0,0.0,0.0,-0.00732368585,-0.00759001575,-0.0043942216,-0.01436521385,-0.083198345,-9.795277500000001,5.997478867924529,24.960915283018867,101252.9816981132,0.9999929884615385,-0.0006350584884615384,0.0012733224653846153,-0.0034771174653846154,0.07130906000000001,0.0336414491,-5.1476122,0.00803302818,0.00211247056,-1.18247181,0.27731945999999996,-0.0320330459,0.471685384,5443.42119140625,5446.5315429687635,5441.923535156252,5434.452050781229,"2,1,0.5,1,15",0
114,20136000,25.53400000000008,-5.863607633333333e-05,0.00031443562705882355,2.0566025882352935e-05,0.2771267392156863,1277.0,1276.2,1276.8,1276.8,0.0,0.0,0.0,0.0,0.0,0.0,0.0,0.0,0.004394216,-0.0054594848,-0.00146474355,-0.01137245925,-0.033518653499999995,-9.777321,6.080401407692308,24.96054,101252.01000000001,0.9999929076923076,-0.0006708355461538462,0.0011116874184615385,-0.003554200546153846,0.070462168,0.0342514834,-5.2049224,0.00634576532,0.00235964602,-1.18002222,0.27716284,-0.0323396866,0.471551974,5439.254728618403,5437.357833059171,5438.899825246734,5439.63468852797,"2,1,0.5,1,15",0
115,20186000,25.58400000000008,-7.415678697959184e-05,0.0002278743995918367,0.00025273229183673466,0.276914642244898,1277.0,1276.7,1276.3,1276.3,0.0,0.0,0.0,0.0,0.0,0.0,0.0,0.0,-0.0029294848712026,-0.00292946365,-0.0033289539249999997,-0.0035913024999999973,-0.011372287000000002,-9.7635545,6.162383619230769,24.960164192307694,101251.00596153845,0.9999929958333333,-0.0005928767958333334,0.0009401861466666666,-0.0035653376083333334,0.069253938,0.0349794669,-5.2622434,0.00481018012,0.00265980682,-1.17807252,0.276888292,-0.03199730369999999,0.471520083,5436.969703311005,5437.15192522324,5435.726120721708,5433.92366536457,"2,1,0.5,1,15",0
116,20236000,25.634000000000082,3.100423923076922e-06,9.691913538461538e-05,0.0001355203038461538,0.2766607030769231,1276.8,1277.0,1275.8,1276.0,0.0,0.0,0.0,0.0,0.0,0.0,0.0,0.0,-0.006125276,-0.0069242134,0.0021305357,-0.020350715,0.031124793,-9.809044,6.153354753846154,24.959791307692306,101251.11653846155,0.9999929166666667,-0.0006377407583333333,0.0008776498249999999,-0.0036207503166666667,0.06821855,0.035826967,-5.319153916666667,0.0034483065833333334,0.0032042609458333335,-1.1760589708333333,0.277380676,-0.0323480586,0.47172126999999997,5433.472753906241,5432.09140624997,5434.5798828125235,5434.140332031238,"2,1,0.5,1,15",0
117,20286000,25.684000000000083,-8.093406874999999e-06,-0.0001739864375,8.860101999999999e-05,0.2764092725,1276.3,1277.0,1275.3,1276.0,0.0,0.0,0.0,0.0,0.0,0.0,0.0,0.0,-0.0047936891999999995,-0.0013315858499999998,-0.0005326382500000001,-0.07721301550000001,-0.0173577975,-9.634269750000001,6.15263235,24.959417000000002,101251.115,0.9999930711538462,-0.0007379044161538461,0.00075620805,-0.003586312853846154,0.067442425,0.036853742,-5.375448708333333,0.0023470005416666665,0.004115155060416667,-1.1739496479166667,0.2778899852173913,-0.03456028508695652,0.4710413565217392,5430.08979492187,5428.740869140633,5432.400292968733,5431.582519531245,"2,1,0.5,1,15",0
118,20336000,25.734000000000083,-0.0001561931637254902,6.093875882352937e-05,0.0003152760582352941,0.2764349560784314,1276.0,1276.8,1275.0,1275.8,0.0,0.0,0.0,0.0,0.0,0.0,0.0,0.0,-0.0015978958,-0.0031957955,0.0010652615,0.04908113,0.019153787,-9.800665,6.272174661538462,24.959045461538462,101249.68846153846,0.9999928346808511,-0.000785652589787234,0.0007520221063829788,-0.0036353535085106386,0.0666812423076923,0.03833004623076923,-5.431781169230769,0.0017802805538461538,0.0054302330000000005,-1.1717447384615385,0.278080004,-0.033307904799999996,0.470661628,5432.940969366799,5432.849069695716,5425.445646587174,5435.393554687488,"2,1,0.5,1,15",0
119,20386000,25.784000000000084,-0.00020357647357142856,0.0007181160591836734,0.00036288635102040814,0.2762878220408163,1276.0,1276.3,1275.0,1275.3,0.0,0.0,0.0,0.0,0.0,0.0,0.0,0.0,-0.01604554675,-0.00659132625,0.0003328794949120249,0.020350715749999998,0.026635666750000002,-9.7860015,6.289751,24.958675666666664,101249.48333333334,0.9999926100000001,-0.0008870535428571429,0.0005167298685714286,-0.0037118807714285715,0.06593624711538462,0.040293340461538464,-5.488154438461539,0.0017926954576923076,0.00718317675,-1.169436276923077,0.277446885,-0.0334519915,0.4703438725,5436.173388671858,5429.051757812512,5431.910864257825,5421.36894531248,"2,1,0.5,1,15",0
120,20436000,25.834000000000085,0.00010949565692307694,0.00012585454615384617,0.0007201184846153846,0.2763915738461538,1276.2,1276.0,1275.2,1275.2,0.0,0.0,0.0,0.0,0.0,0.0,0.0,0.0,-0.011717911,0.0042610583,-0.00026631926,-0.04429273,0.019153783,-9.648633,6.325103232142857,24.958319,101249.07125,0.9999921714285714,-0.0011924275857142857,0.0004283539185714286,-0.003761067685714286,0.065062586,0.0421648076,-5.54425966,0.0014318413796,0.0084284774,-1.16588498,0.279241262,-0.034614184,0.471715284,5425.321186266426,5435.529862253315,5429.902266652952,5426.594161184226,"2,1,0.5,1,15",0
121,20486000,25.884000000000086,0.00014679498875,-2.462184124999998e-05,0.00054101239075,0.2767382375,1276.7,1276.0,1275.7,1275.7,0.0,0.0,0.0,0.0,0.0,0.0,0.0,0.0,-0.00046605367500000003,0.0001331535584435,-0.0023302675,0.06224925,0.011971182249999998,-9.80485625,6.395226094339622,24.95794862264151,101248.21716981132,0.9999917045454546,-0.0013404297090909092,0.0005381895686363636,-0.0038086069545454544,0.06399592600000001,0.043898534100000004,-5.59996281,0.0005110838285999999,0.0089123134,-1.16046943,0.2776137,-0.034375049399999996,0.47172082,5430.622021484391,5438.746435546866,5427.81918945313,5431.991699218767,"2,1,0.5,1,15",0
122,20536000,25.934000000000086,-0.00015028371,0.0002500421233333333,8.554311376470588e-05,0.27702226274509806,1276.8,1276.2,1276.2,1276.2,0.0,0.0,0.0,0.0,0.0,0.0,0.0,0.0,0.005326320875,-0.0082557928,0.0007989378599999998,0.0,-0.027533154499999997,-9.7318325,6.462299581818182,24.957581181818185,101247.402,0.9999918428571428,-0.0012681801857142858,0.0004575550514285714,-0.003817227342857143,0.0629724525,0.045449362708333337,-5.655352470833333,-0.00014808109741666666,0.009273370416666668,-1.1553020999999999,0.278988404,-0.0341349146,0.471051168,5436.961035156255,5430.618261718751,5435.189160156272,5438.809472656255,"2,1,0.5,1,15",0
123,20586000,25.984000000000087,0.00021882331489795915,0.00010698542408163264,-6.609468632653057e-05,0.27720651877551017,1276.3,1276.7,1276.7,1276.7,0.0,0.0,0.0,0.0,0.0,0.0,0.0,0.0,-0.0033289361500000005,-0.0097205405,-0.00146474671,-0.036511576500000004,-0.0005983840000000004,-9.759963500000001,6.544315026415094,24.957220018867925,101246.42867924529,0.9999920958333334,-0.0012967092749999998,0.0002813078320833333,-0.003775766775,0.06201375875,0.04672584447916667,-5.710271897916667,-0.00041485708595833336,0.009450258958333334,-1.1505071,0.2778670142857143,-0.03498282109523809,0.4713210419047619,5441.258719308043,5435.493396577376,5444.041596912218,5433.420549665162,"2,1,0.5,1,15",0
124,20636000,26.034000000000088,0.0005101562153846154,-0.0002494724915384615,-0.0005352523584615385,0.27729801846153845,1276.2,1276.8,1277.0,1277.0,0.0,0.0,0.0,0.0,0.0,0.0,0.0,0.0,0.00053262923,0.00399474272881275,0.0043942116,-0.052672445,-0.026934601,-9.756970500000001,6.622133523076923,24.956840076923076,101245.48846153847,0.9999920208333333,-0.0014367021333333333,0.00021287981416666667,-0.0037138128333333333,0.06137470738461538,0.047741461692307696,-5.765509692307693,-0.00026993225,0.009323754692307692,-1.147243023076923,0.27896962,-0.033413425,0.4692145,5438.247167968747,5438.227734375011,5442.50693359375,5443.6068359375095,"2,1,0.5,1,15",0
125,20686000,26.08400000000009,9.884126125e-05,-1.1931817500000004e-05,-0.0004679971725,0.27733504875,1276.7,1276.3,1277.0,1277.0,0.0,0.0,0.0,0.0,0.0,0.0,0.0,0.0,-0.0017310509,0.00039948009999999983,-0.0034621115999999997,0.042497082000000005,-0.031124455,-9.8832655,6.664569207692308,24.95647496153846,101244.96538461538,0.9999922361538461,-0.0014303195961538461,0.00026492869884615385,-0.0036757857423076923,0.06108193526923077,0.048474475634615384,-5.821092384615384,0.0003210018125,0.008868574884615385,-1.145637446153846,0.27803077,-0.035217518,0.47069852,5440.866236636538,5443.866005345407,5442.311292146382,5440.218570106873,"2,1,0.5,1,15",0
126,20736000,26.13400000000009,-0.0004650508131372549,0.0004012495790196079,-0.0002413061756862745,0.2772193574509804,1277.0,1276.2,1276.8,1276.8,0.0,0.0,0.0,0.0,0.0,0.0,0.0,0.0,0.00266316115,-0.00053262982,-0.00279631255,-0.0424970816,0.020949434700000002,-9.756970500000001,6.723533176470588,24.956110470588236,101244.24176470589,0.9999921359574467,-0.0014210764851063829,0.00017278728234042552,-0.0037226657212765957,0.0607360002,0.048987345200000004,-5.8767191,0.00071976974,0.0083240637,-1.1432529200000001,0.2776393,-0.034734886,0.47072503,5442.18525390625,5438.350878906264,5441.755859375002,5432.925488281242,"2,1,0.5,1,15",0
127,20786000,26.18400000000009,-0.00023596217185714284,-4.7862665510204064e-05,2.4878732448979548e-05,0.27727095,1277.0,1276.7,1276.3,1276.3,0.0,0.0,0.0,0.0,0.0,0.0,0.0,0.0,0.011717911000000001,0.0092322909,0.00044385083333333336,0.037509161666666666,0.013168280666666667,-9.779915333333333,6.790670113207547,24.95574713207547,101243.45113207548,0.9999922,-0.001365747179245283,0.0002160914532075472,-0.0037227052886792456,0.0603103207,0.0491699982,-5.932411849999999,0.000830288465,0.00764555545,-1.1396999700000001,0.27890879333333335,-0.033401529,0.47093254333333334,5439.727399553572,5441.3208472842325,5436.113071986579,5446.672735305091,"2,1,0.5,1,15",0
128,20836000,26.23400000000009,1.4820003307692306e-05,0.0001028278153846154,0.00015682844846153844,0.27712681538461537,1276.8,1277.0,1276.0,1276.2,0.0,0.0,0.0,0.0,0.0,0.0,0.0,0.0,0.005592643,0.0031957864,-0.0018642128,-0.025139121,0.009576978,-9.756374,6.8666351230769225,24.955386769230767,101242.54307692307,0.9999922041666667,-0.001251127625,0.00035424774166666664,-0.0037458794333333333,0.059923934400000003,0.0492674246,-5.98801892,0.0005048778,0.0069613008,-1.13619824,0.27906245952380954,-0.033454823523809525,0.4715289742857143,5441.942871093767,5441.459667968742,5432.430761718744,5434.535351562488,"2,1,0.5,1,15",0
129,20886000,26.28400000000009,-0.00011422896062499999,-5.8020262500000025e-05,-7.039370875000002e-05,0.27710891875,1276.3,1277.0,1276.0,1276.7,0.0,0.0,0.0,0.0,0.0,0.0,0.0,0.0,0.003395530775,2.2974999999811514e-09,-0.00119841943424575,-0.05776012375,0.03022696575,-9.6471365,6.866093657692308,24.955017384615385,101242.535,0.9999922326923077,-0.0011671817346153848,0.0002757020753846154,-0.0037751968153846155,0.0595964879,0.0492370111,-6.04349747,-0.00047442695,0.00626842655,-1.13277334,0.27883177800000003,-0.033802450899999996,0.472437977,5442.883154296871,5436.098339843758,5436.581445312494,5431.202001953123,"2,1,0.5,1,15",0
130,20936000,26.334000000000092,-1.9004315384615433e-05,-0.0006898970346153846,2.3275202307692283e-05,0.27724294615384615,1276.2,1277.0,1276.2,1276.8,0.0,0.0,0.0,0.0,0.0,0.0,0.0,0.0,-0.0055926386,-0.00026631582,-0.0015979003,0.008379708,-0.03232156,-9.667786,6.95547933076923,24.954653999999998,101241.47461538462,0.9999921023076923,-0.0011076857076923077,0.00039409063538461535,-0.003807382946153846,0.05933143010989011,0.0490381240989011,-6.098720797802198,-0.0005057310527472528,0.005344868197802198,-1.1293948835164833,0.27785255600000003,-0.033573828,0.47033446,5436.820410156241,5440.710546874976,5436.3108398437835,5440.615234375003,"2,1,0.5,1,15",0
131,20986000,26.384000000000093,0.0005547261225,5.597611750000001e-05,-0.00012270501875,0.277325275,1276.7,1277.0,1276.7,1276.3,0.0,0.0,0.0,0.0,0.0,0.0,0.0,0.0,0.0,-0.0038615835499999996,0.00013315979570745,0.0329202775,-0.0293288032,-9.798271499999998,6.986177519230769,24.95429146153846,101241.11326923077,0.9999921286363637,-0.001202259640909091,0.0003872636409090909,-0.0037690102454545453,0.05915995538461538,0.048586526846153846,-6.153561292307692,0.0008849658153846154,0.004075283692307693,-1.1260860923076923,0.27592545739130436,-0.03490165469565217,0.4708523208695652,5439.588378906269,5441.567459909545,5442.040938527963,5434.908280222017,"2,1,0.5,1,15",0
132,21036000,26.434000000000093,0.00024929367153846154,6.048764615384551e-06,0.00023851321923076924,0.27728933846153847,1276.8,1277.0,1276.8,1276.0,0.0,0.0,0.0,0.0,0.0,0.0,0.0,0.0,0.010386331,0.0005326353,-0.0029294684,-0.039504327,0.02154799,-9.913193,7.103553,24.953928,101239.695,0.9999921235294118,-0.001188361688235294,0.0003361074933333333,-0.003774664605882353,0.059172981027522935,0.04786139574311927,-6.208076327522935,0.0014859848155963304,0.003185854924770642,-1.1251038633027521,0.278229822,-0.0327166336,0.47128075999999997,5443.571582031239,5441.180078125004,5443.761425781241,5437.674511718768,"2,1,0.5,1,15",0
133,21086000,26.484000000000094,-5.1043482500000016e-05,-0.00033918024375,0.00026522244312500003,0.27701329375,1276.3,1277.0,1276.3,1276.0,0.0,0.0,0.0,0.0,0.0,0.0,0.0,0.0,0.0085221073,0.0089215826,0.006924242299999999,-0.050876788,-0.013766487849999998,-9.804255999999999,7.103553,24.95356646153846,101239.72865384615,0.9999922757142857,-0.0010539499857142856,0.0004345232642857143,-0.0037854821142857143,0.059319610385321096,0.04693818840366973,-6.262355685321101,0.001515168118348624,0.0025717113467889907,-1.1258063862385321,0.278353246,-0.032041876999999996,0.470877752,5435.320428757409,5434.05619884669,5435.115606398808,5447.568173363125,"2,1,0.5,1,15",0
134,21136000,26.534000000000095,0.00038225435307692306,0.00023245856153846154,-6.792447923076923e-05,0.2768047307692308,1276.2,1276.8,1276.2,1276.2,0.0,0.0,0.0,0.0,0.0,0.0,0.0,0.0,0.0013315764,-0.0039947424,-0.0026631632,0.0035913025,0.010774079,-9.76116,7.181562230769231,24.953204000000003,101238.77,0.99999243,-0.0009474513485714285,0.0004940899628571429,-0.003745247742857143,0.0596687972,0.0460323372,-6.31629056,0.00178728944,0.0017701262026,-1.12498426,0.27776152000000004,-0.0342507964,0.46991531799999997,5434.3980468750015,5439.868066406256,5430.304101562506,5432.944921874976,"2,1,0.5,1,15",0
135,21186000,26.584000000000096,0.000329213375,0.00045226962500000004,-0.0002735877825,0.2768728625,1276.7,1276.3,1276.7,1276.7,0.0,0.0,0.0,0.0,0.0,0.0,0.0,0.0,0.00039948039999999994,-0.006791060999999999,0.00359526905,-0.031723176,-0.007780985000000001,-9.718664,7.300201623076923,24.952842384615384,101237.32769230769,0.9999924400000001,-0.0009341678758333333,0.00040324578375,-0.0037485294333333336,0.0603218202,0.0451525202,-6.36970871,0.0024238177900000003,0.0006873787091000003,-1.12187516,0.279768688,-0.033378755600000004,0.469445655,5433.718701171883,5427.092919921849,5440.509130859387,5430.716308593751,"2,1,0.5,1,15",0
136,21236000,26.634000000000096,2.4097761764705876e-05,-4.448249019607854e-06,-0.0002401450405882353,0.27721596862745096,1277.0,1276.2,1277.0,1277.0,0.0,0.0,0.0,0.0,0.0,0.0,0.0,0.0,0.0053263255,0.006391591,-0.0077231624,-0.03351883,-0.004788231,-9.900026,7.280398074074074,24.952492629629628,101237.59407407408,0.9999926342553191,-0.000820608985106383,0.00040868777,-0.003750200804255319,0.0608262472,0.0444731,-6.42281268,0.00279573108,-0.0002057400896,-1.11963354,0.27657278347826086,-0.03311506434782609,0.4711288043478261,5439.9327199835625,5440.387412623407,5434.776367187484,5435.258223684196,"2,1,0.5,1,15",0
137,21286000,26.684000000000097,8.068495291836736e-05,-5.339571163265306e-05,-0.00011174507177551021,0.2772815469387755,1277.0,1276.7,1277.0,1277.0,0.0,0.0,0.0,0.0,0.0,0.0,0.0,0.0,0.004327633725,0.0044607954749999994,-0.002463430875,-0.027533319,-0.06823458,-9.85543225,7.340181240000001,24.9521302,101236.839,0.9999922698113208,-0.0007507393867924528,0.0005360382245283018,-0.0038271862905660376,0.0611077802,0.044094275,-6.47544538,0.00277072178,-0.0008144158460999999,-1.11869314,0.2776714125,-0.03239477025,0.47205850499999996,5440.453636532751,5442.403041294636,5435.70496186755,5439.229096912206,"2,1,0.5,1,15",0
138,21336000,26.734000000000098,0.00012012770584615383,-6.031683384615384e-05,6.369181969230769e-05,0.2772257269230769,1277.0,1277.0,1276.7916666666667,1276.7916666666667,0.0,0.0,0.0,0.0,0.0,0.0,0.0,0.0,0.005858963,0.002929468,0.008522115,-0.02633622,0.029927693,-9.751583,7.385975607692308,24.951762384615385,101236.32423076923,0.9999924023076923,-0.0005744025207692308,0.0005902129876923076,-0.003832385253846154,0.06132258,0.0438134484,-6.52808666,0.00275333848,-0.00129130924,-1.11721854,0.27719155,-0.033287244199999996,0.471089746,5438.335742187505,5435.978222656256,5438.029296874982,5445.456835937515,"2,1,0.5,1,15",0
139,21386000,26.7840000000001,1.9334618181818155e-05,-8.597073227272726e-05,0.00021957031409090908,0.27724063136363636,1277.0,1277.0,1276.2708333333333,1276.2708333333333,0.0,0.0,0.0,0.0,0.0,0.0,0.0,0.0,-0.0046605349,0.0033289482,0.0026631618799999998,0.028131876,0.021547989,-9.903615,7.426127715686275,24.95141619607843,101235.83611764705,0.9999924245833334,-0.0004427593720833333,0.0006792747675,-0.0038047038083333334,0.061437280000000004,0.0436796194,-6.58074081,0.00274739418,-0.0015705290899999998,-1.1149426400000002,0.27670189,-0.0325961278,0.47085248300000004,5433.39607319077,5443.397795024688,5440.0021073190965,5443.351896587163,"2,1,0.5,1,15",0
140,21436000,26.8340000000001,-0.0001739455228571429,0.0003072742742857143,0.0005241464457142856,0.2772569442857143,1277.0,1277.0,1276.2307692307693,1276.2307692307693,0.0,0.0,0.0,0.0,0.0,0.0,0.0,0.0,0.003994744,-0.0058589512,0.0015979051,0.009576809,0.017956683,-9.72884,7.48606332264151,24.951047358490566,101235.09264150943,0.9999923076923076,-0.0004236219315384615,0.0006287838999999999,-0.0038551763384615384,0.061484956,0.0436068296,-6.63351384,0.0024929669400000003,-0.00167340104,-1.11318122,0.275919244,-0.033382579200000005,0.471552444,5443.690455386507,5436.848118832211,5443.053685238484,5438.248560855281,"2,1,0.5,1,15",0
141,21486000,26.8840000000001,0.0001264969575,0.00026917889375,0.00046543746875,0.27737919499999997,1277.0,1277.0,1276.7115384615386,1276.7115384615386,0.0,0.0,0.0,0.0,0.0,0.0,0.0,0.0,-0.0013315819820714499,-0.00039947465000000014,-0.0005326306499999999,-0.0377086815,0.0041900246500000005,-9.8132345,7.587138896153846,24.95068146153846,101233.87538461538,0.9999924,-0.00035849880636363635,0.0005149771863636363,-0.0038565859454545454,0.061432096,0.0436255986,-6.68646519,0.00186581529,-0.0015117511399999999,-1.1121915199999999,0.27669109,-0.0328348365,0.471549067,5444.137255859361,5438.83227539063,5442.354931640624,5441.5583984375335,"2,1,0.5,1,15",0
142,21536000,26.9340000000001,-0.00020328387615384616,-0.00025810185384615383,9.931652884615386e-05,0.27737425846153846,1277.0,1276.8,1277.0,1276.8,0.0,0.0,0.0,0.0,0.0,0.0,0.0,0.0,-0.008788441,0.008788421,-0.0018642332,-0.025139121,-0.007182437,-9.664197,7.658286553846153,24.950321846153845,101233.01307692307,0.9999923692307693,-0.0003846114284615385,0.0005208625076923077,-0.0038777102,0.0610691436,0.0436648672,-6.7394007,0.0010322009,-0.00109810528,-1.1116047199999999,0.277202054,-0.0319843256,0.470639596,5436.689550781229,5444.474707031276,5439.6813476562165,5444.251269531274,"2,1,0.5,1,15",0
143,21586000,26.9840000000001,-0.00016861609097499998,-0.00024803866875000005,-0.00010823787187499999,0.2772683625,1277.0,1276.3,1277.0,1276.3,0.0,0.0,0.0,0.0,0.0,0.0,0.0,0.0,-0.0025300010749999997,-0.0063250077750000005,0.0021305356500000002,-0.0086789824,0.041300152,-9.8877555,7.69801363076923,24.949961076923078,101232.5476923077,0.999992244680851,-0.00046203312765957447,0.0006457938799999999,-0.0038659766574468085,0.0602410526,0.043734885200000004,-6.79231245,-0.00011110760000000003,-0.00030646547999999994,-1.11162227,0.277117182,-0.0331469509,0.470513731,5437.828759765631,5440.165527343717,5438.381689453154,5445.472021484359,"2,1,0.5,1,15",0
144,21636000,27.034000000000102,-2.6651483907692308e-05,0.00032969607230769226,-0.0003192447076923077,0.2770630923076923,1276.8,1276.4,1277.0,1276.2,0.0,0.0,0.0,0.0,0.0,0.0,0.0,0.0,-0.0005326087,-0.015978971,0.0018642063,0.028730422,-0.008379536,-9.76954,7.749297530769231,24.949601153846153,101231.94784615384,0.999992558490566,-0.0005393520245283019,0.00046625565320754713,-0.0038070385075471697,0.0594215424,0.0438615032,-6.8451416,-0.00100606824,0.00068244086,-1.11055028,0.27943378199999996,-0.0335056554,0.46973789600000004,5440.784472656253,5431.791699218736,5441.957519531252,5437.72304687498,"2,1,0.5,1,15",0
145,21686000,27.084000000000103,0.00027549169375000004,-0.0001911574775,-0.00034210225125,0.27723019250000003,1276.3,1277.4,1277.0,1276.7,0.0,0.0,0.0,0.0,0.0,0.0,0.0,0.0,-0.0045273752,-0.007856323174999999,0.0029294801400000002,0.0005985485000000006,0.004788574925,-9.774330749999999,7.81954225,24.949241999999998,101231.093,0.9999925884615385,-0.0006993402711538461,0.0002814164746153846,-0.003788253846153846,0.0586149034,0.0440730212,-6.8978468500000005,-0.0015285070899999998,0.00196724701,-1.1078439800000002,0.278008416,-0.0328036731,0.470577749,5440.080517578142,5433.924218750005,5439.591650390625,5437.781640624996,"2,1,0.5,1,15",0
146,21736000,27.134000000000103,0.0008369190923076923,-0.00014119415076923074,-9.657617e-05,0.2774137684615385,1276.2,1277.8,1277.0,1277.0,0.0,0.0,0.0,0.0,0.0,0.0,0.0,0.0,-0.007456854,-0.0018642159,-0.0018642028,-0.07422027,-0.041898362,-9.753978,7.85945,24.94888330769231,101230.6276923077,0.9999924791666667,-0.0009570283208333333,0.00022900616833333335,-0.0037720169416666665,0.058145802,0.0444084996,-6.9504674,-0.00156722119,0.0027569953,-1.1059166,0.27892572,-0.0320099366,0.470533918,5433.917285156251,5442.119921875001,5444.214355468742,5440.293554687504,"2,1,0.5,1,15",0
147,21786000,27.184000000000104,0.00048224423725000003,0.0003413688425,6.69240575e-05,0.27738593,1276.7,1277.3,1277.0,1277.0,0.0,0.0,0.0,0.0,0.0,0.0,0.0,0.0,-0.004527374,-0.00186421345,-0.0018642147,0.0131681101,0.0430958065,-9.799469,7.90116326923077,24.94852476923077,101230.16076923077,0.999992235,-0.0010917070125,0.00021100061,-0.003778662825,0.058183007,0.0449299186,-7.0029609,-0.0008803481650000001,0.0028041568,-1.1051576,0.2775117266666667,-0.03212907066666667,0.472076125,5439.837060546885,5442.783544921878,5443.295068359367,5437.05693359374,"2,1,0.5,1,15",0
148,21836000,27.234000000000105,-1.6247824769230758e-05,0.00016577191,5.8594184615384607e-05,0.2773724492307692,1277.0,1277.0,1277.0,1277.0,0.0,0.0,0.0,0.0,0.0,0.0,0.0,0.0,0.011717908,-0.0037284507,0.0050599943,-0.02873042,-0.019153446,-9.806652,7.974296923076923,24.948165153846155,101229.27423076922,0.9999921828571429,-0.0010670062071428572,0.00017426753285714285,-0.0038099165142857143,0.058460572599999996,0.045667234,-7.0554356799999995,-2.358366e-05,0.0031450394600000004,-1.1044509599999999,0.27935445,-0.03378203,0.4703923,5443.31210937497,5432.357910156201,5443.527441406291,5442.43583984377,"2,1,0.5,1,15",0
149,21886000,27.284000000000106,1.9824271250000006e-05,-3.67838609e-05,-3.5848591249999995e-05,0.2772605175,1277.0,1277.0,1277.0,1277.0,0.0,0.0,0.0,0.0,0.0,0.0,0.0,0.0,-0.001597887885,0.008788435,0.0010652766849999998,-0.008379705500000001,0.035913201000000006,-9.770139499999999,8.034429038461539,24.94780553846154,101228.53688461539,0.9999924895833333,-0.00096178118125,0.00020644849125000002,-0.0037720062416666668,0.059098679099999996,0.046728394,-7.1078823799999995,0.001088018065,0.0039265038600000005,-1.10382286,0.27705776000000004,-0.0330874785,0.47094822999999997,5438.188183593731,5439.075781250025,5440.118554687479,5442.679980468747,"2,1,0.5,1,15",0
150,21936000,27.334000000000106,-0.00020710960901960783,-0.0002699880404784314,7.603624529411765e-05,0.27719974078431375,1277.0,1277.0,1277.0,1276.8,0.0,0.0,0.0,0.0,0.0,0.0,0.0,0.0,-0.0045273667,0.0039947433,0.005592644,0.005985504,-0.009576639,-9.698914,8.094561153846154,24.947448384615384,101227.81953846154,0.9999922461538462,-0.0010453165538461537,0.00038387425846153844,-0.0038001973230769232,0.0601357144,0.048030330999999996,-7.160248119999999,0.0023861497400000002,0.00418962754,-1.103017,0.27711135,-0.034193598,0.4714055,5437.243749999971,5440.3668945312365,5441.004785156252,5439.326171875014,"2,1,0.5,1,15",0
151,21986000,27.384000000000107,-0.00013004626693877554,-0.00018119849102040818,0.0003017534173469388,0.2771549163265306,1277.0,1277.0,1277.0,1276.3,0.0,0.0,0.0,0.0,0.0,0.0,0.0,0.0,-0.005725808525,0.006724475925,-0.0006657878775,0.05476736925,-0.03172300725,-9.79976675,8.118939173076923,24.94709269230769,101227.52807692307,0.9999921958333333,-0.0010717784458333332,0.0005697434666666666,-0.0037838905375,0.0617711429,0.049693433499999995,-7.21249242,0.00396407634,0.00367524014,-1.1019445,0.277895915,-0.033630682999999995,0.47028926000000004,5435.333984374996,5441.249560546877,5436.9416992187635,5438.333984374979,"2,1,0.5,1,15",0
152,22036000,27.434000000000108,4.760392615384612e-05,0.0004975418984615385,0.0003520899423076923,0.2772386923076923,1277.0,1276.8,1277.0,1276.4,0.0,0.0,0.0,0.0,0.0,0.0,0.0,0.0,0.0047936896,-0.00053263654,0.0015978974,-0.0023942017,-0.04429256,-9.861719,8.2259167,24.946734054545455,101226.24418181818,0.9999921025531915,-0.0011267797723404256,0.0005483394331914894,-0.003784753674468085,0.0637974,0.05124517,-7.26458872,0.00534586604,0.0029531568599999998,-1.1005987000000002,0.27928868,-0.034802195,0.4717517,5438.286328125018,5439.013183593748,5442.586425781249,5437.196875000019,"2,1,0.5,1,15",0
153,22086000,27.48400000000011,-0.0003910290925,0.00026371645125,3.936857000000002e-05,0.27739893,1277.0,1276.3,1277.0,1277.4,0.0,0.0,0.0,0.0,0.0,0.0,0.0,0.0,0.0007323651187500003,0.008222510375,3.3293498749999845e-05,-0.035015202,-0.027982063124999998,-9.7737309375,8.279786245283018,24.946390773584906,101225.61433962264,0.9999921471428571,-0.0009827282357142858,0.0005945328971428571,-0.0038023692428571427,0.0664099,0.0526298575,-7.31646302,0.00643345039,0.00191952976,-1.09884295,0.2767486333333333,-0.03355994,0.47142582,5442.679873511902,5440.9777250744155,5442.317894345238,5439.669619605668,"2,1,0.5,1,15",0
154,22136000,27.53400000000011,-0.0005089137329411764,7.340527784313726e-05,-0.00025401126137254904,0.27740007215686274,1277.0,1276.2,1277.0,1277.6,0.0,0.0,0.0,0.0,0.0,0.0,0.0,0.0,0.00545948085,0.012516857499999999,-0.0035952665000000003,0.047285491,0.027533493,-9.793483,8.294640461538462,24.946012461538462,101225.39692307693,0.9999921857142857,-0.0008257681142857143,0.0007302097828571428,-0.0038063245714285714,0.0690522012,0.054287028,-7.36897948,0.007749306399999999,0.00177255898,-1.09737394,0.27768812,-0.0335039128,0.471428432,5442.32804790296,5442.766935649694,5435.2898848684,5445.103824013174,"2,1,0.5,1,15",0
155,22186000,27.58400000000011,-0.0002200114295918367,7.869361163265305e-05,0.0002860057095918367,0.27722213,1277.0,1276.7,1277.0,1276.6,0.0,0.0,0.0,0.0,0.0,0.0,0.0,0.0,-0.0029294779,0.0077231713,-0.00412789335,0.0305260736,-0.037409237250000005,-9.774627875,8.282645411764705,24.945656431372548,101225.53725490197,0.9999917921568627,-0.0007242100988235293,0.0009420684525490196,-0.0038759466313725488,0.07173920419999999,0.056352923,-7.42245918,0.0094075699,0.00295557268,-1.09633504,0.276249696,-0.033119026100000004,0.47036784800000003,5442.29775390625,5442.714257812497,5433.484667968762,5437.345947265581,"2,1,0.5,1,15",0
156,22236000,27.63400000000011,0.0002130495980769231,0.0002215746569230769,0.0002217512569230769,0.2771223723076923,1276.6,1276.8,1276.8,1276.2,0.0,0.0,0.0,0.0,0.0,0.0,0.0,0.0,-0.006415795209090909,0.00026631967272727276,0.0007263288727272727,-0.03526006090909091,0.0018502363678000002,-9.813505545454545,8.41381533962264,24.945316433962265,101223.99498113207,0.9999915926530613,-0.0008264334951020409,0.0009551124118367347,-0.003922870716326531,0.0741614018,0.058600306,-7.4763344,0.010814546999999999,0.0044237152,-1.09550714,0.2771270727272727,-0.03424984909090909,0.4725535309090909,5443.653529575903,5434.152622767841,5440.327427455348,5434.763741629446,"2,1,0.5,1,15",0
157,22286000,27.68400000000011,4.1186958125e-05,-0.000117892475,-3.5570657500000015e-05,0.276852585,1275.6,1276.3,1276.3,1276.7,0.0,0.0,0.0,0.0,0.0,0.0,0.0,0.0,-0.0053263117,0.0174437105,-0.0022636976500000003,0.031723176,0.021547990000000003,-9.8234115,8.431532320754716,24.94493813207547,101223.74403773584,0.9999912175,-0.0008918681416666667,0.0010686714375,-0.003962535925,0.0761863913,0.061119921,-7.530802899999999,0.0118445945,0.006319550950000001,-1.0949957399999999,0.276253725,-0.032409849,0.470364175,5436.067285156221,5440.594921875031,5428.043408203063,5438.756445312529,"2,1,0.5,1,15",0
158,22336000,27.734000000000112,0.00011765694153846154,-0.0005333249923076923,-0.00020220285307692308,0.2763118561538461,1275.0,1275.8,1276.0,1276.4,0.0,0.0,0.0,0.0,0.0,0.0,0.0,0.0,-0.010386330999999999,0.002396849308731,-0.0026631523923605002,-0.0011971034999999977,0.016759584850000002,-9.820416999999999,8.518917923076923,24.944579615384615,101222.71492307693,0.9999906615384615,-0.0010558799615384615,0.0013649610692307692,-0.003965928546153846,0.078112866,0.063299356,-7.58554014,0.0126248994,0.00767157112,-1.0946803,0.27572159199999996,-0.034010353,0.472017024,5429.863964843755,5430.421582031215,5430.921777343762,5430.233105468698,"2,1,0.5,1,15",0
159,22386000,27.784000000000113,0.000374706075,-0.0002826701125,3.3329548125e-05,0.27580509125,1275.0,1275.3,1276.0,1274.9,0.0,0.0,0.0,0.0,0.0,0.0,0.0,0.0,-0.015313177,0.0085221128,-0.0018642215999999999,0.031723177,0.010774078,-9.7312335,8.54690823076923,24.944222807692306,101222.39115384615,0.9999901875,-0.0013274001791666668,0.0014263907416666667,-0.003976086133333333,0.07989156850000001,0.064968521,-7.64068049,0.0130305904,0.00820786792,-1.0946588,0.27731899600000004,-0.032695259,0.47233358400000003,5421.919677734355,5429.698388671877,5425.8452636718785,5422.000341796854,"2,1,0.5,1,15",0
160,22436000,27.834000000000113,0.0005210655769230769,-3.799758846153843e-05,1.5325076153846155e-05,0.2756037407692308,1275.0,1275.0,1275.8,1274.2,0.0,0.0,0.0,0.0,0.0,0.0,0.0,0.0,-0.0071905446,0.00692421,0.0005326293,-0.057460845,-0.027533155,-9.698913,8.597289307692307,24.94386692307692,101221.7676923077,0.999989876923077,-0.0015518362923076924,0.0014796716538461538,-0.003954735623076923,0.081647696,0.0665521172,-7.69603336,0.013097973800000001,0.0086493928,-1.09321436,0.27666743200000005,-0.032686032,0.472373116,5417.336631373366,5424.364412006611,5426.731599506548,5420.771381578966,"2,1,0.5,1,15",0
161,22486000,27.884000000000114,5.928762625000001e-05,-0.000318686255,-1.5348436000000002e-05,0.27562680375,1275.0,1275.0,1275.3,1274.7,0.0,0.0,0.0,0.0,0.0,0.0,0.0,0.0,0.005459486175,0.004860267625,0.00226368065,-0.01735796475,0.04429290325,-9.726745,8.621125461538462,24.943511153846153,101221.48634615385,0.9999896122727273,-0.0015700516363636365,0.0016816840545454547,-0.003931943963636364,0.083369961,0.06800736019999999,-7.75170501,0.012657895800000001,0.0089487598,-1.08963551,0.27510528500000003,-0.0354035902,0.469532651,5417.432861328119,5422.752685546847,5419.109130859363,5427.040185546897,"2,1,0.5,1,15",0
162,22536000,27.934000000000115,7.934996999999996e-05,1.3134427692307676e-05,-0.00027954785138461537,0.27538080615384614,1275.0,1275.0,1275.0,1274.8,0.0,0.0,0.0,0.0,0.0,0.0,0.0,0.0,0.002130528,-0.00186422,-0.0058589536,0.01316811,-0.03591286,-9.702503,8.704190846153846,24.943156153846154,101220.5026923077,0.9999898957142856,-0.0014738587428571428,0.0016754644,-0.003915981571428572,0.08502810200000001,0.06955689479999999,-7.8074082,0.0125846052,0.008908961,-1.08582062,0.27579326,-0.0337385814,0.47206995199999996,5421.174023437529,5419.170703125002,5413.406933593743,5418.571093749949,"2,1,0.5,1,15",0
163,22586000,27.984000000000115,0.00034917941312499995,0.00017545471275,-0.0003506982324999999,0.27519739,1275.0,1275.0,1275.0,1274.3,0.0,0.0,0.0,0.0,0.0,0.0,0.0,0.0,-0.000798944,0.0013315872499999998,-0.00559263655,0.008978254000000001,-0.013766493000000001,-9.63367075,8.789784307692308,24.94280207692308,101219.47096153846,0.9999900418181817,-0.0014186085454545455,0.0015475067090909092,-0.003950100022727273,0.086590057,0.0712478668,-7.8631587,0.0130614957,0.0083604135,-1.08165167,0.276569483,-0.0343206363,0.470732221,5415.793212890622,5417.88833007815,5416.285351562473,5411.899121093725,"2,1,0.5,1,15",0
164,22636000,28.034000000000116,8.115002923076923e-05,0.00022944096323076923,3.130647230769235e-05,0.27529848615384617,1274.8,1275.0,1274.8,1274.2,0.0,0.0,0.0,0.0,0.0,0.0,0.0,0.0,0.0046605315000000005,-0.0053263272,0.0015978946000000003,0.029328974,-0.0023940324,-9.7174675,8.851541615384615,24.942449615384614,101218.70276923077,0.9999899053846153,-0.0014032766153846154,0.0015423123384615384,-0.003999643653846154,0.088352698,0.072852417,-7.9186575999999995,0.013515259,0.0080883576,-1.07820388,0.275704416,-0.034216006199999996,0.470897446,5419.688769531263,5417.229980468728,5418.142773437515,5413.4808593750295,"2,1,0.5,1,15",0
165,22686000,28.084000000000117,6.1598522375e-05,9.490878250000001e-05,-0.0003005818375,0.2752251725,1274.3,1275.0,1274.3,1274.7,0.0,0.0,0.0,0.0,0.0,0.0,0.0,0.0,-0.0006568945626666668,0.00324905432,-0.002450114493333333,-0.020111293199999998,-0.0181159536,-9.687019600000001,8.887295846153846,24.942099,101218.2786923077,0.9999900423076923,-0.0013466999961538463,0.0015229101230769232,-0.003985952980769231,0.090416368,0.07432733450000001,-7.9737791,0.0139343315,0.0082310391,-1.07583783,0.27768695,-0.03303513375,0.471448605,5420.942871093765,5413.476611328132,5417.881054687478,5411.796874999974,"2,1,0.5,1,15",0
166,22736000,28.134000000000118,5.3730790307692304e-05,-0.00040525411846153845,0.00034295485384615385,0.2750412907692308,1274.0,1275.0,1274.0,1274.8,0.0,0.0,0.0,0.0,0.0,0.0,0.0,0.0,0.006391583,0.0074568526,-0.0031958006,-0.08020575,-0.032321554,-9.783907,8.93749623076923,24.941749615384616,101217.69615384615,0.9999896,-0.0013313952666666666,0.0016877274000000001,-0.004037383875,0.09255182543478262,0.07583613173913044,-8.028553086956522,0.013791134130434783,0.00828253104347826,-1.0737769391304348,0.275065784,-0.03368741,0.47025924399999997,5411.564160156248,5418.3808593749645,5408.976757812515,5417.823632812528,"2,1,0.5,1,15",0
167,22786000,28.18400000000012,9.407566875000001e-05,-0.00027988940250000003,0.000449982685,0.27487984875,1274.0,1275.0,1274.0,1274.3,0.0,0.0,0.0,0.0,0.0,0.0,0.0,0.0,-0.0015978989999999998,-0.009853698000000001,0.00199736795,0.029328974,-0.0251389485,-9.834185999999999,8.992572192307692,24.941401153846154,101217.03076923077,0.9999896311538462,-0.0013362169423076923,0.00174025945,-0.0039953704269230774,0.09479496402173912,0.07739574858695653,-8.082805804347826,0.01280453195652174,0.008197238652173913,-1.0721737869565218,0.27587306899999997,-0.0339165622,0.47154303399999997,5415.625585937525,5411.179296874972,5412.877636718765,5411.6227050780935,"2,1,0.5,1,15",0
168,22836000,28.23400000000012,5.619407846153848e-05,-2.0982820769230748e-05,0.0005513568407692307,0.2748589876923077,1274.2,1275.0,1274.0,1274.0,0.0,0.0,0.0,0.0,0.0,0.0,0.0,0.0,-0.003424064757142857,-0.001978347657142857,3.8043114285714276e-05,-0.025310129571428572,-0.01214185385714286,-9.614601428571428,9.02200623076923,24.941056846153845,101216.68461538461,0.99998988,-0.001382802023076923,0.0016100442461538461,-0.003985279953846154,0.09707037925925925,0.07903773407407406,-8.136956148148148,0.012061968111111111,0.008829598333333334,-1.0692560111111111,0.2758234804347826,-0.03350800956521739,0.4717337891304348,5410.04052734374,5410.310825892845,5411.843401227704,5409.878976004478,"2,1,0.5,1,15",0
169,22886000,28.28400000000012,-0.0002021475075,0.0001538847425,0.0005308440750000001,0.27500321250000004,1274.7,1275.0,1274.0,1274.0,0.0,0.0,0.0,0.0,0.0,0.0,0.0,0.0,-0.0007989473500000001,-0.00226368755,-0.0015978976000000002,-0.00837970775,0.015562483500000002,-9.816227999999999,9.0519825,24.94071,101216.3375,0.9999899895833334,-0.0014265515958333335,0.0015369646375,-0.003978218654166667,0.09937115472222222,0.08074443777777777,-8.191026055555556,0.011511148666666667,0.0100258275,-1.0653053166666666,0.27695637500000003,-0.03385503,0.47085566,5416.506250000018,5413.315039062505,5412.029589843741,5411.076464843758,"2,1,0.5,1,15",0
170,22936000,28.33400000000012,-0.0001388463046153846,-0.00021663889692307694,7.671899230769232e-05,0.2751056153846154,1275.0,1275.0,1274.4,1274.2,0.0,0.0,0.0,0.0,0.0,0.0,0.0,0.0,-0.0034621095,0.00559264,-0.0013315773,0.009576809,0.019153787,-9.812637,9.116629538461538,24.940361307692307,101215.54269230769,0.9999897592307693,-0.0014394514153846154,0.0015710195230769232,-0.003994149030769231,0.101501052,0.0826313372,-8.244696600000001,0.0108922616,0.0109788352,-1.06128714,0.2754997,-0.035926882,0.47106323,5413.529882812471,5416.144238281223,5411.052343750029,5415.5936523437695,"2,1,0.5,1,15",0
171,22986000,28.38400000000012,0.00032257476125,-0.00015939275349999998,-0.0005673141062500001,0.27538835250000004,1275.0,1275.0,1275.4,1274.7,0.0,0.0,0.0,0.0,0.0,0.0,0.0,0.0,-0.00412790505,-0.00266315695,-0.00013316070000000003,-0.038307231,0.02992769434646,-9.6833495,9.204389923076922,24.940017384615384,101214.47326923077,0.9999898774999999,-0.00154166505,0.0015342977166666666,-0.0039337987125,0.103374632,0.0847885302,-8.2977681,0.0101712731,0.0115670107,-1.05716774,0.27717398,-0.034213313,0.472967815,5412.891015625022,5415.143603515643,5416.382128906243,5420.892626953119,"2,1,0.5,1,15",0
172,23036000,28.434000000000122,0.00043303386846153845,0.0001516956147692308,-1.4891273076923084e-05,0.2757803053846154,1275.2,1275.2,1276.0,1275.0,0.0,0.0,0.0,0.0,0.0,0.0,0.0,0.0,-0.0037284177,-0.011717907,0.004793706,0.05985505,-0.025138954,-9.698913,9.256757230769232,24.93967469230769,101213.85307692307,0.9999900692307692,-0.0016661601615384615,0.0014397935,-0.0038803532461538465,0.105143598,0.08687409160000001,-8.3503346,0.009517382999999999,0.011944086999999999,-1.05344914,0.2765337,-0.035974257,0.47204572,5421.233203125044,5414.563085937466,5425.754882812526,5420.2716796875,"2,1,0.5,1,15",0
173,23086000,28.484000000000123,0.0003828061875,0.00021506367275,0.0002759492325,0.27604770749999996,1275.7,1275.7,1276.0,1275.0,0.0,0.0,0.0,0.0,0.0,0.0,0.0,0.0,-0.010120012125000001,0.0026631625,0.000399480066312,-0.0290296965,0.0005987209999999965,-9.79767325,9.294497980769231,24.939331423076922,101213.40884615385,0.9999902884615385,-0.0017954883538461538,0.0013035739,-0.003820314146153846,0.106755643,0.0888522056,-8.4021436,0.0089641405,0.0120045145,-1.05033174,0.27742195,-0.03523134,0.47102707499999996,5422.238867187475,5425.656396484422,5430.461083984379,5425.2407226562755,"2,1,0.5,1,15",0
174,23136000,28.534000000000123,0.0002964990115384616,-8.560231138461538e-05,0.0002747478661538462,0.2762607123076923,1276.2,1276.0,1275.8,1275.0,0.0,0.0,0.0,0.0,0.0,0.0,0.0,0.0,-0.0050600134,0.0013315886,-0.005326313,0.044292733,-0.020350546,-9.756372,9.395801807692308,24.93898907692308,101212.20461538462,0.99999,-0.0019086447,0.0013784139,-0.0038195928,0.10812221130434782,0.0906660492173913,-8.453528347826087,0.008258434239130434,0.011917533391304348,-1.0480481695652175,0.27752385,-0.033596992,0.47049847,5424.779101562486,5431.532910156261,5426.205371093769,5428.007617187501,"2,1,0.5,1,15",0
175,23186000,28.584000000000124,-7.720897875000002e-05,9.063143750000002e-05,0.00044165137625000006,0.27640916125,1276.7,1276.0,1275.3,1275.0,0.0,0.0,0.0,0.0,0.0,0.0,0.0,0.0,0.0057257975,-0.0026631595,-0.00319579405,-0.019153613099999998,0.00059872215972,-9.837178000000002,9.457378461538461,24.938647884615385,101211.45761538461,0.999989923076923,-0.0019462633423076923,0.001395558173076923,-0.0038108316346153847,0.10912056456521739,0.09223348726086956,-8.504276717391305,0.007324032336956522,0.011609439369565218,-1.047015343478261,0.275720745,-0.03532893,0.47030771,5428.075830078141,5431.706689453117,5424.955957031233,5430.412451171879,"2,1,0.5,1,15",0
176,23236000,28.634000000000125,-0.0002637279061538462,0.0005289800384615385,0.0001319341892307693,0.2764822415384615,1277.0,1276.2,1275.2,1275.2,0.0,0.0,0.0,0.0,0.0,0.0,0.0,0.0,0.0002663225,-0.010652644,-0.0010652712,-0.027533323,0.035913195,-9.690533,9.488353245283019,24.93830662264151,101211.06781132075,0.9999901188235294,-0.0018554463941176471,0.0012601214156862746,-0.0038417010352941178,0.10998864185185185,0.09386671333333334,-8.554715925925926,0.0066180653,0.011444501851851852,-1.045717737037037,0.2757778,-0.03633474,0.4731341,5434.679980468773,5431.946484375016,5429.454003906263,5426.042382812466,"2,1,0.5,1,15",0
177,23286000,28.684000000000125,5.4945238750000005e-05,0.000303024185,-0.00031335071875,0.27666970625,1277.0,1276.7,1275.7,1275.7,0.0,0.0,0.0,0.0,0.0,0.0,0.0,0.0,0.0058589543,-0.00146473105,0.0025965880000000004,0.00239420125,0.053869714,-9.78091175,9.542197235294118,24.937969,101210.42588235294,0.999990344,-0.00182180088,0.0011048945466666667,-0.003850629966666667,0.11075435944444445,0.09555163,-8.604912222222222,0.0060915828,0.011392044444444445,-1.044212088888889,0.2763175517391304,-0.034958964782608695,0.4699008386956522,5432.582705543138,5426.783528645829,5434.478957403264,5434.0025576637445,"2,1,0.5,1,15",0
178,23336000,28.734000000000126,-0.00028684130307692307,-5.1809947692307704e-05,0.00034743333846153844,0.2768842076923077,1276.8,1276.8,1276.2,1276.2,0.0,0.0,0.0,0.0,0.0,0.0,0.0,0.0,-0.0034621055,0.0015978968,0.0042610625,0.038307235,-0.021547647,-9.785105,9.578185153846153,24.93762023076923,101210.02076923077,0.9999904369230769,-0.001786161876923077,0.0011727343076923078,-0.0038160052692307695,0.11144058000000001,0.09735775599999999,-8.6552634,0.00560954984,0.0108646462,-1.04358138,0.27794552,-0.034397686000000004,0.472298636,5431.669824218746,5435.658984374995,5434.295019531289,5439.087500000017,"2,1,0.5,1,15",0
179,23386000,28.784000000000127,-6.499753749999998e-05,0.0001451756625,-5.919473500000001e-05,0.27693014875,1276.3,1276.3,1276.7,1276.7,0.0,0.0,0.0,0.0,0.0,0.0,0.0,0.0,0.0006087247714285718,-0.0018642114142857144,0.0008369960514285713,-0.015049266857142855,-0.01795634142857143,-9.865650714285714,9.619537384615386,24.937277807692308,101209.52826923078,0.9999906700000001,-0.0018015912999999998,0.00119973395,-0.0037618839884615385,0.11200755500000001,0.099345696,-8.705846900000001,0.00519419119,0.0096248367,-1.0442630800000001,0.276517901,-0.033424609,0.471553984,5432.46889648436,5434.055273437489,5438.906689453146,5440.498779296891,"2,1,0.5,1,15",0
180,23436000,28.834000000000128,0.0002377145923076923,-0.00023907426153846155,-0.00019011406769230772,0.27682018,1276.0,1276.2,1276.8,1276.8,0.0,0.0,0.0,0.0,0.0,0.0,0.0,0.0,-0.0066579133,-0.010652641,0.0013315772,-0.004788404,0.029927697,-9.793484,9.724453384615384,24.93693453846154,101208.23923076924,0.9999909076923077,-0.0018012840153846155,0.0011433509923076922,-0.0037229013923076922,0.11255662,0.10107104,-8.7565939,0.0048076786,0.0083191942,-1.04505026,0.277477692,-0.036732115600000004,0.471464908,5433.678124999985,5433.409960937516,5441.689453125004,5432.883105468739,"2,1,0.5,1,15",0
181,23486000,28.88400000000013,0.00011606987387500001,-0.000293109679,0.0003314483475,0.27667763,1276.0,1276.7,1276.3,1276.3,0.0,0.0,0.0,0.0,0.0,0.0,0.0,0.0,0.005814575,-0.004838068983333333,-0.0037728145499999997,0.018156030966666667,-0.04329498266666667,-9.869499833333334,9.738898653846153,24.93659123076923,101208.0923076923,0.999991,-0.0017773605727272727,0.0010433695609090908,-0.0037292065227272726,0.11307882,0.10240249,-8.807586149999999,0.0044644351,0.0069148022,-1.04599566,0.277845674,-0.034310676,0.4711482,5435.998876953158,5434.379394531216,5432.919677734356,5429.888427734349,"2,1,0.5,1,15",0
182,23536000,28.93400000000013,-5.3399094153846146e-05,-0.000123768954,0.00021126704076923077,0.2763822876923077,1276.2,1276.6,1276.0,1276.2,0.0,0.0,0.0,0.0,0.0,0.0,0.0,0.0,0.0058589573,0.0021305312,-0.0007989312,-0.034715924,-0.020350546,-9.740809,9.775015,24.936247,101207.65,0.9999910428571428,-0.0016125516285714285,0.00096832634,-0.003791488242857143,0.113669158,0.103280252,-8.8585043,0.0045556686,0.0057239718,-1.04632732,0.277909122,-0.0337826152,0.471935196,5436.093945312471,5433.40214843752,5431.037499999999,5428.919531249971,"2,1,0.5,1,15",0
183,23586000,28.98400000000013,-0.00045432417249999994,9.252704625000002e-05,-0.00021995728125,0.27630493125,1276.7,1275.6,1276.0,1276.7,0.0,0.0,0.0,0.0,0.0,0.0,0.0,0.0,0.0034621036,0.002596583875,-0.003728427725,0.0544680935,-0.00029910550000000063,-9.73931475,9.8337025,24.93590373076923,101206.93846153846,0.9999913083333334,-0.0014656649583333335,0.00097116611125,-0.0037991590083333335,0.114361703,0.10347748200000001,-8.9093113,0.0052986176,0.0048534838,-1.04573837,0.276514244,-0.0343440568,0.47320717700000003,5428.59145507812,5430.710498046877,5423.779248046842,5426.965234374985,"2,1,0.5,1,15",0
184,23636000,29.03400000000013,-0.000313517483076923,0.00020907704,-0.00044663164615384615,0.27663642307692304,1277.0,1275.388349514563,1276.1941747572816,1277.0,0.0,0.0,0.0,0.0,0.0,0.0,0.0,0.0,0.0037284289,-0.0037284286,0.0023968357,-0.008379708,0.0059856763,-9.831791,9.918393076923078,24.935559538461536,101205.91861538461,0.9999915030769231,-0.0012982900153846154,0.0009406383384615385,-0.0038082449846153846,0.11526703582524271,0.10366475203883496,-8.959942101941747,0.005647059427184466,0.0037518840291262136,-1.0442837766990292,0.27568012000000003,-0.035801532399999995,0.47254964,5435.742480468745,5427.409277343774,5432.388867187533,5430.91748046875,"2,1,0.5,1,15",0
185,23686000,29.08400000000013,0.0005753733411764705,-0.00013858094505882353,-0.0003298846597647059,0.2769563070588235,1277.0,1276.3592233009708,1276.6796116504854,1277.0,0.0,0.0,0.0,0.0,0.0,0.0,0.0,0.0,-0.00199736815,0.0054594827,-0.0018642154,-0.0065840542,0.017956684,-9.737219,9.917401545454545,24.93523341818182,101205.95978181818,0.9999915325000001,-0.0012815869791666667,0.0009562433000000001,-0.0038106248833333334,0.11649155038834952,0.10383708213592233,-9.010308606796118,0.005403740495145632,0.0023036166019417474,-1.041530718446602,0.27828583500000004,-0.0334946625,0.47115164,5430.85433799343,5441.230982730315,5433.614000822341,5433.278551603606,"2,1,0.5,1,15",0
186,23736000,29.134000000000132,0.00010572225673469385,3.052712689795918e-05,0.0002738378973061224,0.2773026542857143,1276.8247422680413,1276.8247422680413,1277.0,1277.0,0.0,0.0,0.0,0.0,0.0,0.0,0.0,0.0,0.007190536500000001,0.0055926367000000005,0.00226368205,-0.009576807000000001,0.020350887999999998,-9.837176249999999,10.031362,24.93488062,101204.58671999999,0.9999913991666667,-0.0012049168833333332,0.00101022755,-0.0038374623,0.11768936474226804,0.10413752469072164,-9.060822412371135,0.005293253381443299,0.001119574617113402,-1.0404155020618557,0.2762605872,-0.03373985632,0.47209254559999997,5438.256445312522,5438.823339843695,5439.006738281262,5440.8776367187575,"2,1,0.5,1,15",0
187,23786000,29.184000000000133,-0.00010430576350000001,2.5091677999999995e-05,0.0002694381124999999,0.2771198675,1276.3092783505156,1276.3092783505156,1277.0,1277.0,0.0,0.0,0.0,0.0,0.0,0.0,0.0,0.0,0.009454219,0.00412790505,-0.0025300060500000002,-0.038307233499999996,0.017358137500000002,-9.87668175,10.08313668627451,24.934528196078432,101203.94235294117,0.99999183,-0.001009477329090909,0.0010049664145454545,-0.003792462523636364,0.11883534927835052,0.10468665613402062,-9.111622154639175,0.005440616268041237,0.00044844084391752574,-1.0424796257731959,0.277389979,-0.0336107617,0.471083259,5441.477783203124,5436.075390624995,5437.193750000004,5440.918798828138,"2,1,0.5,1,15",0
188,23836000,29.234000000000133,-2.6696529846153866e-05,-0.0002184272643076923,-0.00021155161923076924,0.2768736223076923,1276.0,1276.0,1276.8,1277.0,0.0,0.0,0.0,0.0,0.0,0.0,0.0,0.0,-0.001331588025,-0.0005992106,0.00459395175,-0.0188543397,0.006584226250000002,-9.791087749999999,10.093191769230769,24.934182615384614,101203.82153846153,0.9999918334693878,-0.0009455995591836735,0.0010219965653061225,-0.0038006134632653063,0.11959215,0.10521009299999999,-9.162732799999999,0.0054295987200000005,4.03532888e-05,-1.0433677,0.2754217038095238,-0.03298417842857143,0.47220026952380956,5437.59521484375,5439.64599609375,5434.7041015625,5430.09326171875,"2,1,0.5,1,15",0
189,23886000,29.284000000000134,-0.00029781083125,-0.00043484538625,-0.0002177146875,0.27676636875,1276.0,1276.0,1276.3,1277.0,0.0,0.0,0.0,0.0,0.0,0.0,0.0,0.0,0.00206395045,0.00199737085,-0.0017310536000000002,0.0008978247499999981,-0.0463874885,-9.79587725,10.13887823076923,24.933836923076925,101203.26923076923,0.9999920090909091,-0.0008718422772727273,0.0011313217863636363,-0.003737122418181818,0.119765175,0.10569498799999999,-9.214309799999999,0.00518101052,2.68350608e-05,-1.0424917,0.27531381,-0.032784192000000004,0.47195104,5435.650488281279,5434.1581054687485,5431.850878906241,5436.212890624984,"2,1,0.5,1,15",0
190,23936000,29.334000000000135,-0.0002934273,-0.00015496775692307692,-0.00034833022692307695,0.2766817153846154,1276.0,1276.0,1276.0,1276.6,0.0,0.0,0.0,0.0,0.0,0.0,0.0,0.0,0.0007989500636363636,0.001743168509090909,-0.0005810522545454549,-0.038851369545454546,0.003809128454545456,-9.774981409090909,10.210567538461538,24.93349630769231,101202.43307692307,0.9999922328571429,-0.0007597141428571429,0.0011797443857142857,-0.003705865471428571,0.1198613628,0.106334638,-9.2660488,0.00482661358,0.00033275265920000005,-1.04187258,0.27702737,-0.030636985,0.47290882,5431.061718749958,5432.196093750005,5432.819628906274,5438.732714843757,"2,1,0.5,1,15",0
191,23986000,29.384000000000135,3.4179258749999995e-05,0.00015251664875,-8.42300625e-06,0.2765767575,1276.0,1276.0,1276.0,1275.6,0.0,0.0,0.0,0.0,0.0,0.0,0.0,0.0,-0.0022636943,-0.0081226415,-0.0002663130000000002,0.01616086365,-0.0293288,-9.903615,10.275815999999999,24.933147333333334,101201.62999999999,0.99999242875,-0.0007714638583333333,0.0011659831125,-0.0036536821624999997,0.1198422948,0.1072064205,-9.3180308,0.00431350353,0.0011178239972,-1.04163878,0.2753338260869565,-0.033540636086956524,0.47133012,5435.99843236025,5429.179302014785,5435.198267886515,5434.288548519701,"2,1,0.5,1,15",0
192,24036000,29.434000000000136,0.00011984435153846153,-7.488441230769238e-05,0.00027600408076923076,0.27624665846153845,1275.8,1275.8,1275.8,1275.0,0.0,0.0,0.0,0.0,0.0,0.0,0.0,0.0,-0.0071905353,0.00266316,-0.003195796,-0.039504327,0.009576978,-9.837775,10.299084301886792,24.932799113207547,101201.35754716981,0.9999924076923077,-0.0008909062423076923,0.0009651607230769232,-0.0036767430923076924,0.1198158192,0.10809549,-9.3702676,0.00376529648,0.00165279258,-1.04262782,0.275651528,-0.0343084346,0.47127956,5432.171777343738,5427.592578124969,5434.27900390623,5426.416308593775,"2,1,0.5,1,15",0
193,24086000,29.484000000000137,1.5158652500000001e-05,-0.00046528394625000005,-9.8325995e-05,0.27578958750000004,1275.3,1275.3,1275.3,1275.0,0.0,0.0,0.0,0.0,0.0,0.0,0.0,0.0,-0.0025300039,0.00525974485,0.0032623696499999998,-0.060752879,0.02274509175,-9.859025,10.35773773076923,24.93245273076923,101200.68076923078,0.9999925,-0.00097326924375,0.0010102503791666667,-0.0036390716083333336,0.1197782322,0.10901049,-9.4228866,0.00316444393,0.00181260703,-1.04545112,0.276641113,-0.0336284906,0.47196436799999997,5420.766796874977,5422.018652343724,5427.439404296875,5430.512646484379,"2,1,0.5,1,15",0
194,24136000,29.534000000000137,2.802675538461538e-05,-0.00022532754,-5.80422769230769e-06,0.27538311923076925,1275.0,1275.0,1274.8,1274.8,0.0,0.0,0.0,0.0,0.0,0.0,0.0,0.0,-0.0015978948,0.002130531,-0.000798948,0.0023942022,-0.035912853,-9.88207,10.396922923076922,24.93210723076923,101200.1926923077,0.9999924791666667,-0.0010714444666666666,0.0010325905583333335,-0.003602224275,0.119716286,0.110023358,-9.475723200000001,0.00296073132,0.0015791306660000001,-1.04666714,0.27600602,-0.035338983600000005,0.47155157799999997,5415.730078124976,5419.6478515624985,5421.3387695312385,5419.967285156242,"2,1,0.5,1,15",0
195,24186000,29.584000000000138,-3.7531518750000004e-05,-0.00018340746725000002,0.00036612768500000003,0.27514150375,1275.0,1275.0,1274.3,1274.3,0.0,0.0,0.0,0.0,0.0,0.0,0.0,0.0,-0.0011984243841151,0.00119841741468985,-0.00599211505,-0.0335188265,0.032321898,-9.736022,10.441706,24.931762499999998,101199.63750000001,0.9999922211538462,-0.0011188033923076922,0.0010531367884615383,-0.0036432244999999998,0.119617801,0.111183028,-9.5288862,0.00335272862,0.000755718081,-1.04547224,0.275141554,-0.034571438,0.472939393,5418.510595703135,5418.939648437496,5413.558007812484,5410.666113281222,"2,1,0.5,1,15",0
196,24236000,29.63400000000014,4.954115384615376e-06,-0.0002387428052307692,0.0004920893088461538,0.27508362153846155,1275.0,1274.8,1274.0,1274.2,0.0,0.0,0.0,0.0,0.0,0.0,0.0,0.0,0.0005326302,-0.004261061,-0.0023968413,0.013168109,-0.009576637,-9.752781,10.557998,24.93141869230769,101198.25384615385,0.9999919916666666,-0.0010797112,0.001040456075,-0.0037076118249999997,0.11967784260869566,0.11256010826086957,-9.582046391304347,0.0036329264782608696,0.00031081315391304345,-1.0439161695652175,0.27673568,-0.0333838814,0.472817946,5414.666503906255,5418.300781250012,5414.73154296873,5412.477246093771,"2,1,0.5,1,15",0
197,24286000,29.68400000000014,-0.00030357450125,-0.000314510833625,4.0958248124999994e-05,0.275108895,1275.0,1274.3,1274.0,1274.7,0.0,0.0,0.0,0.0,0.0,0.0,0.0,0.0,0.0053263174,0.00226368845,-0.00399474835,0.0137666605,-0.01376649185,-9.7168685,10.644856038461539,24.93107596153846,101197.2096153846,0.9999918750000001,-0.0009818932875,0.00110658935,-0.003754854825,0.11997567413043478,0.11426330391304348,-9.635202369565217,0.0037454251739130434,0.0004336697136956522,-1.0418183434782609,0.276761355,-0.034413815,0.471142409,5418.314648437541,5419.887207031245,5408.778466796867,5413.349999999986,"2,1,0.5,1,15",0
198,24336000,29.73400000000014,-8.931197000000001e-05,-2.0699975692307695e-05,7.765069230769231e-05,0.27509162769230766,1275.0,1274.1941747572816,1274.0,1274.8058252427184,0.0,0.0,0.0,0.0,0.0,0.0,0.0,0.0,2.3641422e-10,-0.0047936873,0.004261062,-0.02873042,-0.028730253,-9.733627,10.680068538461539,24.93073346153846,101196.78461538462,0.9999917185714287,-0.0008437011285714285,0.0010554732428571427,-0.0038368957142857142,0.12032806126126126,0.11555867216216216,-9.688332801801801,0.003919060304504504,0.0004493553318918919,-1.0396122441441442,0.275714332,-0.0350680208,0.470764104,5421.231347656263,5413.701660156221,5411.826367187521,5410.984375000026,"2,1,0.5,1,15",0
199,24386000,29.78400000000014,0.00011367047776470588,-5.876926588235294e-05,0.00013685642588235294,0.2751354764705882,1275.0,1274.6796116504854,1274.0,1274.3203883495146,0.0,0.0,0.0,0.0,0.0,0.0,0.0,0.0,-0.00279631572,0.00479369015,0.00359527125,0.006584055,0.019153784,-9.7450005,10.731692117647059,24.930391823529412,101196.16,0.9999918245833334,-0.0007662599354166666,0.0010040378458333334,-0.0038442112083333334,0.12072331351351351,0.1165336045945946,-9.741443162162161,0.004140731205405405,0.00038083521027027027,-1.037321072972973,0.27673684099999996,-0.0336511748,0.472845231,5413.774169921837,5414.398144531235,5415.989453125014,5418.149511718763,"2,1,0.5,1,15",0
200,24436000,29.83400000000014,0.00017750224089795917,-1.4723189387755113e-05,-2.2816413265306138e-05,0.2749282163265306,1274.8247422680413,1274.8247422680413,1274.0,1274.0,0.0,0.0,0.0,0.0,0.0,0.0,0.0,0.0,-0.0002663149,-0.0003994743499999998,0.0013315801145454551,-0.009576808500000002,-0.042496914,-9.743804,10.752905433962265,24.930050528301887,101195.88226415095,0.9999917230769231,-0.0008452627953846153,0.0009983683307692307,-0.0038479799846153845,0.12132287783505155,0.11767542902061856,-9.79488474226804,0.004590928208247423,0.0002089652651546392,-1.0357323298969072,0.275053206,-0.0336346124,0.4718369,5416.953222656226,5411.7821289062085,5415.844433593761,5411.841210937539,"2,1,0.5,1,15",0
201,24486000,29.884000000000142,0.0005273964825,-0.00021053267625000002,-0.000146053589,0.2746680075,1274.3092783505156,1274.3092783505156,1274.0,1274.0,0.0,0.0,0.0,0.0,0.0,0.0,0.0,0.0,-0.0028629041250000003,0.00386158175,-0.003861581875,-0.014664487250000004,0.02394219295,-9.821315,10.787150653846155,24.92971096153846,101195.50423076922,0.9999919845454546,-0.0009112842518181818,0.0010811802454545453,-0.0037599753045454544,0.12231904793814433,0.11914122025773195,-9.848969278350516,0.0054847347030927834,-0.0001635249255670102,-1.0355071237113402,0.27657644800000003,-0.034558459,0.47144002500000004,5410.605810546896,5413.802929687529,5413.113623046833,5411.677294921838,"2,1,0.5,1,15",0
202,24536000,29.934000000000143,0.0001896280123076923,8.775564615384621e-06,6.753817273076923e-05,0.27438325846153844,1274.2,1274.2,1274.0,1273.8,0.0,0.0,0.0,0.0,0.0,0.0,0.0,0.0,0.007723168,0.0013315746,-0.002396849,0.027533323,-0.001196932,-9.709686,10.853061461538461,24.929372,101194.71307692307,0.9999916507692307,-0.0009676274923076923,0.0011902807,-0.0038082884230769233,0.12343506400000001,0.120627895,-9.9031038,0.00644244448,-0.000441299424,-1.03405448,0.275543044,-0.0337617612,0.470684134,5406.939257812498,5410.103515624972,5406.572851562473,5406.516894531253,"2,1,0.5,1,15",0
203,24586000,29.984000000000144,-6.314283374999997e-05,0.000288444795,0.0003098322609375,0.2742665025,1274.7,1274.7,1274.0,1273.3,0.0,0.0,0.0,0.0,0.0,0.0,0.0,0.0,0.00732369235,0.0081226395,0.0077231735000000004,0.0,-0.018554892,-9.750986000000001,10.883760115384614,24.9290345,101194.33423076924,0.999991623076923,-0.0008644357530769231,0.0012499572538461538,-0.003821898576923077,0.124730849,0.12214589499999999,-9.9573133,0.00749600918,-0.000577000384,-1.03076068,0.276598443,-0.0349513854,0.470210233,5402.873925781213,5402.333105468719,5406.084521484395,5410.819628906311,"2,1,0.5,1,15",0
204,24636000,30.034000000000145,0.00011524554846153846,4.630416230769229e-05,0.0006855280815384616,0.2743296092307692,1275.0,1275.0,1274.0,1273.0,0.0,0.0,0.0,0.0,0.0,0.0,0.0,0.0,0.004527374,0.0023968501,0.00612527,-0.020350713,0.06703783,-9.805455,10.931070615384614,24.928697307692307,101193.80153846154,0.9999917916666666,-0.0007595397049999999,0.0013343988916666668,-0.0037681185416666664,0.12590746174757284,0.12353328237864077,-10.01101181553398,0.00767853240776699,-0.0004916941405825243,-1.027203040776699,0.276607828,-0.0334626616,0.47264329,5408.021875000019,5401.7649414062425,5406.615429687503,5405.955761718755,"2,1,0.5,1,15",0
205,24686000,30.084000000000145,2.0113126470588236e-05,-5.2811644117647043e-05,0.00047044038117647057,0.27444769882352943,1275.0,1275.0,1274.0,1273.0,0.0,0.0,0.0,0.0,0.0,0.0,0.0,0.0,-0.010386325,0.00346211685,0.0037284327,-0.0215478146,-0.016160696,-9.630677500000001,11.069457117647058,24.92836176470588,101192.11764705883,0.9999916825454546,-0.0007614975454545454,0.001353226389090909,-0.0037621977363636364,0.12690531611650485,0.12472475082524272,-10.063943854368931,0.0065544934271844655,-7.487709203883499e-05,-1.0232496427184465,0.277075379,-0.0347591461,0.47321317,5403.323046874957,5406.904003906262,5403.107275390647,5407.438867187506,"2,1,0.5,1,15",0
206,24736000,30.134000000000146,0.00020030238673469388,-1.203399e-05,0.0003537584014285714,0.27476370591836735,1275.17,1275.0,1274.17,1273.17,0.0,0.0,0.0,0.0,0.0,0.0,0.0,0.0,-0.00857537756,-0.00607200585,0.005672539177,-0.0196324555,-0.0260966316,-9.7300357,11.088997811320754,24.928026603773585,101191.86603773585,0.9999915453061224,-0.0009474183897959183,0.0013476246530612244,-0.0037649648775510206,0.1277237408,0.125878201,-10.11571189,0.00548667633,0.00043811659680000005,-1.019698923,0.276391752,-0.03433386744,0.4715348192,5409.85679408481,5413.43610491068,5411.107282366123,5406.805803571467,"2,1,0.5,1,15",0
207,24786000,30.184000000000147,1.013529117647058e-05,-0.00017327959588235293,0.0002411188194117647,0.2750310429411765,1275.67,1275.0,1274.67,1273.67,0.0,0.0,0.0,0.0,0.0,0.0,0.0,0.0,0.00426105855,0.00039947050000000003,-0.0009321115800000001,-0.020350717,0.012569730500000001,-9.7868985,11.040917882352941,24.92769266666667,101192.46392156863,0.9999918011764706,-0.0009877191721568627,0.0013061974784313725,-0.003735568745098039,0.1281938608,0.126957851,-10.16522039,0.00452799583,0.0011378061168000001,-1.016929873,0.2777423666666667,-0.03377051491666667,0.47188232166666666,5413.051611328164,5415.459521484375,5410.424511718733,5416.950195312517,"2,1,0.5,1,15",0
208,24836000,30.234000000000147,-0.00018198724673469386,0.0004914023657142857,0.00044649755142857144,0.2753010579591837,1275.8247422680413,1275.1752577319587,1274.8247422680413,1274.1752577319587,0.0,0.0,0.0,0.0,0.0,0.0,0.0,0.0,-0.00352869018125,-0.004094609250000001,-0.0053263198875,-0.011073183750000007,0.004788575999999999,-9.8867075625,11.115218056603773,24.92735933962264,101191.55396226415,0.9999918293877551,-0.0009323697820408164,0.0011093620612244897,-0.0037765923061224486,0.12848788134020617,0.12800013587628867,-10.215410030927835,0.0036797743144329894,0.0017894015030927835,-1.0149611474226803,0.27686051,-0.03453937805,0.470526849,5421.752416992167,5419.361181640677,5415.881250000005,5410.586523437489,"2,1,0.5,1,15",0
209,24886000,30.284000000000148,-0.00034506756875,-5.222304875000003e-05,0.0004063483875,0.27543606125000003,1275.3092783505156,1275.6907216494844,1274.3092783505156,1274.6907216494844,0.0,0.0,0.0,0.0,0.0,0.0,0.0,0.0,0.0018642133850000002,-0.000532634375,0.00199737125,0.0011971024999999982,0.0047885776,-9.893441,11.221520886792453,24.927026320754717,101190.2520754717,0.9999917954545454,-0.0009747640818181817,0.0010533411454545455,-0.0038045225636363636,0.1284400617525773,0.12896988845360824,-10.266921886597938,0.0030459731804123712,0.0023476376886597938,-1.014545992783505,0.277236143,-0.0355782298,0.471947048,5420.394580078126,5420.005664062493,5418.249072265638,5419.762304687555,"2,1,0.5,1,15",0
210,24936000,30.33400000000015,-0.00035054505000000003,-1.7217237692307712e-05,3.39235615384615e-05,0.27564002615384614,1275.0,1275.6,1274.4,1275.0,0.0,0.0,0.0,0.0,0.0,0.0,0.0,0.0,0.002263685125,-0.0014647431500000002,0.0009321020999999998,0.0191536165,0.028730595750000004,-9.797673,11.251776076923077,24.926694538461536,101189.936,0.9999917615384616,-0.0008848093692307693,0.0011083584307692309,-0.0038130003230769233,0.12814606374999998,0.1298404025,-10.317780875,0.0024893591666666666,0.0029902991083333333,-1.0144866083333333,0.274679068,-0.0332289588,0.471555964,5424.83938116775,5421.828998766405,5412.1682771381975,5421.078767475345,"2,1,0.5,1,15",0
211,24986000,30.38400000000015,-0.00010171978250000002,0.00068937658125,-0.0005495802,0.275595775,1275.0,1274.6,1275.4,1275.0,0.0,0.0,0.0,0.0,0.0,0.0,0.0,0.0,-0.0142479245,-0.0026631669500000003,0.0079894633,0.0556651965,0.020350888249999997,-9.8910465,11.346502392857143,24.926384607142857,101188.79767857143,0.999992125,-0.0009006455375000001,0.00097179587,-0.0037565238999999998,0.127482798125,0.13056205875,-10.367660562500001,0.0020485258333333336,0.0037595983791666662,-1.0149608791666667,0.2761878947826087,-0.03340047234782609,0.47162422608695653,5416.593017578061,5410.955615234352,5427.061669921917,5424.770996093786,"2,1,0.5,1,15",0
212,25036000,30.43400000000015,0.0005805483184615385,0.0003908331550769231,-0.0005269160307692308,0.2755222923076923,1275.2,1274.4,1275.8,1275.0,0.0,0.0,0.0,0.0,0.0,0.0,0.0,0.0,-0.010386329,0.0017310571999999999,0.00026631345000000016,0.010175357000000001,-0.008978085000000004,-9.7731325,11.337730923076922,24.926036846153846,101188.88961538461,0.9999922714285714,-0.0011694150428571428,0.0008850436514285714,-0.003662668642857143,0.12678288923076922,0.13121981846153846,-10.418217615384616,0.0015369130461538464,0.0041462572307692305,-1.0143274153846153,0.275933084,-0.0339088304,0.473423678,5415.659765624963,5422.740722656284,5422.897656249977,5416.509472656243,"2,1,0.5,1,15",0
213,25086000,30.48400000000015,0.00043356214125000005,0.00016802211450000002,-0.00020093412499999999,0.2756833375,1275.7,1275.4,1275.3,1275.0,0.0,0.0,0.0,0.0,0.0,0.0,0.0,0.0,0.004993429275,-0.0002663172499999997,0.0060586902750000005,0.0083797075,-0.023044029,-9.69801425,11.380527423076924,24.925698884615382,101188.37615384615,0.9999921068181818,-0.0014107654090909092,0.0008937059181818182,-0.0036392114681818182,0.12604328346153845,0.1318083569230769,-10.46950848076923,0.0009486225173076923,0.0041183889615384614,-1.0124939057692308,0.276749341,-0.034234289200000004,0.47076586,5417.0912620908,5417.901762462752,5421.821335565449,5423.053687686066,"2,1,0.5,1,15",0
214,25136000,30.53400000000015,-3.49022880392157e-05,0.0001707018647058823,0.0002644524352941177,0.27591116666666665,1275.6,1275.8,1275.0,1275.0,0.0,0.0,0.0,0.0,0.0,0.0,0.0,0.0,-7.068787e-09,-0.005326324,0.0018642072,-0.038307235,-0.014365041,-9.76116,11.457995615384617,24.92536576923077,101187.43,0.9999922744067797,-0.0013178085881355931,0.0008645057633898305,-0.003607316159322034,0.1254302613043478,0.13238033217391304,-10.520694304347826,0.0003413452,0.004049925543478261,-1.012102647826087,0.275951544,-0.0344979174,0.470851868,5425.016894531251,5421.89062499999,5421.28056640627,5421.699316406235,"2,1,0.5,1,15",0
215,25186000,30.584000000000152,0.0002808386418367347,-0.00020263989653061224,-0.0003215856612244898,0.27567981224489796,1274.6,1275.3,1275.0,1275.0,0.0,0.0,0.0,0.0,0.0,0.0,0.0,0.0,-0.0011378965227272727,0.0010410526363636367,0.001065265990909091,0.02339788081818182,-0.028294939727272726,-9.90176759090909,11.51162726923077,24.925032769230768,101186.80923076923,0.9999924269491526,-0.0013275966389830508,0.0008088555345762712,-0.0035750559050847456,0.12500711456521738,0.13292746260869565,-10.57172256521739,-0.00029441229999999997,0.003920569402173914,-1.0138747673913044,0.27562756,-0.03558737825,0.4735705825,5419.468115234362,5420.864013671859,5421.852441406235,5425.379638671884,"2,1,0.5,1,15",0
216,25236000,30.634000000000153,0.00018806676923076922,-0.00012030346615384616,-0.0001778298692307693,0.27548206923076923,1274.4,1274.8,1275.2,1275.0,0.0,0.0,0.0,0.0,0.0,0.0,0.0,0.0,-0.0018642154,-0.004527375,-0.0021305275,-0.015562311,-0.033518665,-9.65103,11.589817076923076,24.92470069230769,101185.8623076923,0.9999925458333333,-0.00136121375,0.0007537608391666666,-0.003546700975,0.12494359174757282,0.13381900699029126,-10.622649640776698,-0.0007738814252427185,0.004125198606796117,-1.0142464067961166,0.27762705,-0.03264529,0.47263175,5416.955761718766,5419.771386718753,5419.426464843745,5416.446289062506,"2,1,0.5,1,15",0
217,25286000,30.684000000000154,-0.000362481615,0.00029094586249999994,0.00018015777,0.27558289875,1275.4,1274.3,1275.7,1275.0,0.0,0.0,0.0,0.0,0.0,0.0,0.0,0.0,0.004527365275,-0.0056592241125,0.0019307952750000001,0.023642742,0.0038907492500000005,-9.8147315,11.615735764705882,24.924380941176473,101185.54294117648,0.9999925461538461,-0.0013568819846153846,0.0006385792,-0.003586258761538462,0.12516263058252428,0.13498116233009708,-10.673497213592233,-0.001130552541747573,0.004592244868932039,-1.0135176689320389,0.27762411,-0.034341811,0.471210165,5422.431152343759,5415.932714843691,5419.059863281254,5421.016894531277,"2,1,0.5,1,15",0
218,25336000,30.734000000000155,-0.0002691731976923077,0.0005561342346153846,-2.2638733846153857e-05,0.27556964153846153,1276.0,1274.2,1275.8,1275.0,0.0,0.0,0.0,0.0,0.0,0.0,0.0,0.0,-0.0074568545,0.0034621025,-0.0013315855,-0.035913028,0.019153789,-9.872493,11.626621150943397,24.924046452830186,101185.4073773585,0.9999928638461538,-0.0012882604,0.0004636408230769231,-0.0035400949153846155,0.1253395642857143,0.1360125280952381,-10.724083619047619,-0.0011130584952380952,0.004959276880952381,-1.0129612523809524,0.27840906,-0.03394073,0.47093344,5420.0119140624965,5416.67656250007,5424.530175781217,5417.7517578124425,"2,1,0.5,1,15",0
219,25386000,30.784000000000155,2.065676874999999e-05,-0.0001032500505,0.00010453989225,0.2755742375,1276.0,1274.7,1275.3,1275.0,0.0,0.0,0.0,0.0,0.0,0.0,0.0,0.0,-0.0083889665,0.00599210465,-0.0034621049500000002,0.032920272,0.0137668365,-9.841966,11.704664000000001,24.923704999999998,101184.4975,0.99999242875,-0.0014824909208333333,0.0005151613558333334,-0.0035703808,0.12547439285714287,0.1369131042857143,-10.774408857142857,-0.0007213992857142857,0.005226294642857143,-1.012577157142857,0.27728784,-0.0352929135,0.471157775,5419.470117187499,5426.782812500014,5422.033251953127,5418.166113281264,"2,1,0.5,1,15",0
220,25436000,30.834000000000156,-0.0005760896423076923,0.0002580757196923077,-0.00014980781784615382,0.2755297076923077,1275.8,1275.0,1275.0,1275.2,0.0,0.0,0.0,0.0,0.0,0.0,0.0,0.0,-0.0021305282,0.0005326325,-0.0034621102,0.06584056,-0.007182434,-9.812637,11.750531,24.92337276923077,101183.94769230769,0.9999924115384615,-0.0014060528923076924,0.0006157611553846154,-0.0036178095923076925,0.125716932,0.13828627000000002,-10.8245854,-0.000123874748,0.00564373678,-1.0128692799999999,0.27621475,-0.034433097,0.47209492,5421.064746093751,5421.654785156229,5418.042285156259,5419.262207031239,"2,1,0.5,1,15",0
221,25486000,30.884000000000157,-0.00026506321499999996,0.00031478125625000004,-0.0003710589375,0.275398575,1275.3,1275.0,1275.0,1275.7,0.0,0.0,0.0,0.0,0.0,0.0,0.0,0.0,-0.0009321087,0.0078563268,-0.00026631048467595,0.0305260765,0.01077408035,-9.7880955,11.790439038461539,24.923041884615383,101183.45576923077,0.9999925554545455,-0.0013606545045454544,0.0006403138772727272,-0.0035672655318181815,0.126121037,0.14036832000000002,-10.8745389,0.000782447782,0.00628681548,-1.01417573,0.27702019,-0.034826625,0.4719233,5419.6898925781215,5414.824316406271,5420.581884765612,5420.12280273438,"2,1,0.5,1,15",0
222,25536000,30.934000000000157,-2.938751692307693e-05,-0.00021672518269230768,-0.00035239133461538463,0.27548874615384616,1275.0,1275.2,1275.0,1275.8,0.0,0.0,0.0,0.0,0.0,0.0,0.0,0.0,-0.0071905297,0.015180022,-0.0029294763,-0.025139123,1.703435e-07,-9.759964,11.89427076923077,24.922711307692307,101182.23846153847,0.9999926357142858,-0.001355335142857143,0.0007632939857142857,-0.0035228166,0.126286222,0.142454202,-10.924609199999999,0.0010594320036,0.00658447516,-1.01438216,0.27744427,-0.034810804,0.4720765,5416.9869140624905,5418.6627929688,5418.401953124988,5424.107714843761,"2,1,0.5,1,15",0
223,25586000,30.984000000000158,0.000172142804,-0.000161810523125,-0.00018163725750000006,0.2756746225,1275.0,1275.7,1275.0,1275.3,0.0,0.0,0.0,0.0,0.0,0.0,0.0,0.0,-0.004394217000000001,-0.0003994740927485,-0.00039947017000000005,0.0,-0.0712273345,-9.668984250000001,11.946096346153846,24.92237923076923,101181.60153846155,0.9999924400000001,-0.0014413429958333335,0.0009271556675,-0.00350132455,0.126093027,0.144545832,-10.9748547,0.0003924087626000001,0.00636400631,-1.01293856,0.276275425,-0.034280764,0.47203255,5418.430407072369,5420.66596422696,5420.31298828125,5420.796772203942,"2,1,0.5,1,15",0
224,25636000,31.03400000000016,-0.00015043893446153848,-0.00014934060615384614,0.00014985748538461535,0.27576629076923076,1275.0,1275.8,1275.0,1275.2,0.0,0.0,0.0,0.0,0.0,0.0,0.0,0.0,-0.007989491,-0.0050599934,0.0058589554,0.055066645,0.06943203,-9.751583,11.996477307692308,24.922046846153847,101180.98923076922,0.9999926838461539,-0.0014578539461538463,0.00092543968,-0.0034170600846153846,0.12560447,0.14679616,-11.024979,-0.00042764634559999996,0.0066444274,-1.0125785,0.27662557,-0.034797993,0.47020575,5418.678906250022,5419.897753906247,5424.607324218734,5423.583593749972,"2,1,0.5,1,15",0
225,25686000,31.08400000000016,-0.00041886641499999997,1.7094452875e-05,-0.00014117892875,0.27569292,1275.0,1275.3,1275.0,1275.7,0.0,0.0,0.0,0.0,0.0,0.0,0.0,0.0,-0.00213052715,0.0031957972000000003,-0.0038615822,-0.032920274,0.0233436385,-9.85333725,12.062749038461538,24.921715653846153,101180.1903076923,0.9999928554545455,-0.0014906052045454545,0.0008601783972727273,-0.003375226827272727,0.12467286999999999,0.149284535,-11.0749215,-0.0014772492545999999,0.0076761834,-1.0138437500000002,0.27614452,-0.034872162,0.47204079,5420.073730468753,5424.380224609418,5417.4107910155935,5422.612255859371,"2,1,0.5,1,15",0
226,25736000,31.13400000000016,-7.712750470588236e-05,1.7899959431372548e-05,-0.00013827518627450983,0.27558652588235294,1275.0,1275.0,1275.0,1275.6,0.0,0.0,0.0,0.0,0.0,0.0,0.0,0.0,-0.001864208,-0.00506000895,-0.0029294785499999997,0.025139116500000003,0.032920445,-9.8228115,12.065075294117646,24.921385,101180.18047058824,0.9999929238461538,-0.0015465956923076923,0.0008087777153846154,-0.003345739653846154,0.123799414,0.151453848,-11.1252542,-0.00242582072,0.007942093,-1.01501318,0.27524677,-0.032969486,0.47137663,5419.248046875016,5422.666699218805,5420.286035156244,5423.338476562446,"2,1,0.5,1,15",0
227,25786000,31.18400000000016,0.00030575681489795924,0.00018536365183673467,0.00020881975836734696,0.2754573457142857,1275.0,1275.0,1275.0,1274.6,0.0,0.0,0.0,0.0,0.0,0.0,0.0,0.0,0.0035286903499999996,-0.008056065500000001,-0.002929476825,-0.00688332975,0.039504505925,-9.742307375,12.068306037735848,24.921052150943396,101180.1439245283,0.9999926734615385,-0.0016297996961538463,0.0007173943346153846,-0.0033921301346153845,0.123013174,0.15314456799999998,-11.1761722,-0.00322284502,0.007059233,-1.01603888,0.276936491,-0.0350263551,0.470519085,5423.316552734406,5419.497509765577,5418.301708984363,5411.5191894531135,"2,1,0.5,1,15",0
228,25836000,31.23400000000016,-0.0002780164915384615,3.0036432307692297e-05,0.00031750498615384617,0.27522813692307696,1275.0,1275.2,1274.8,1274.0,0.0,0.0,0.0,0.0,0.0,0.0,0.0,0.0,-0.0026631646,-0.000798946,-0.0034621079,0.039504327,-0.04070126,-9.856928,12.107351692307693,24.92072123076923,101179.64307692308,0.9999927,-0.0015612076,0.0005431615569230769,-0.0034428772307692306,0.12213268000000001,0.154596458,-11.2273046,-0.00423928048,0.0058053879,-1.0163337399999999,0.27868812800000003,-0.035637774,0.47226868,5420.705078124991,5421.3461914062445,5415.927636718767,5412.746386718789,"2,1,0.5,1,15",0
229,25886000,31.284000000000162,-0.00029814851374999993,-0.00036689714,0.0004935127125,0.27513147250000003,1275.0,1275.7,1274.3,1274.0,0.0,0.0,0.0,0.0,0.0,0.0,0.0,0.0,0.0061252698,0.0002663186399999998,0.001664481525,0.005985502999999989,-0.05237299525,-9.7057965,12.1896955,24.920391192307694,101178.65123076923,0.9999927041666666,-0.0014880063416666666,0.0005532192841666667,-0.003480720783333333,0.121110805,0.155690103,-11.2787586,-0.0055848326799999995,0.00399506515,-1.01553234,0.277757746,-0.037543644,0.4715814,5413.630908203071,5419.194335937503,5411.392138671859,5419.38930664066,"2,1,0.5,1,15",0
230,25936000,31.334000000000163,-0.00014238823666666667,1.6160474999999926e-06,0.00036151961666666666,0.275056985,1274.8,1275.4,1274.2,1274.0,0.0,0.0,0.0,0.0,0.0,0.0,0.0,0.0,0.0029294589,-0.010918966,0.0015978941,-0.037110135,-0.022744747,-9.858126,12.277816192307693,24.920059615384616,101177.60676923077,0.9999928307692307,-0.0013444012307692306,0.0005168146076923076,-0.0035205888999999997,0.120323244,0.1567627,-11.330468,-0.00590466566,0.0031580644,-1.01578768,0.277522906,-0.0341973152,0.47217434599999997,5417.111621093734,5417.574023437374,5412.0651367188,5412.913574218781,"2,1,0.5,1,15",0
231,25986000,31.384000000000164,-0.00034358288192307693,0.0005664399788461538,-0.0001075322153846154,0.2746274253846154,1274.3,1273.9,1274.7,1274.0,0.0,0.0,0.0,0.0,0.0,0.0,0.0,0.0,-0.0006657971999999999,-0.005060004,0.0021305314499999997,0.0586579445,0.01256972995,-9.81802425,12.342282634615385,24.91972980769231,101176.87438461538,0.9999932125000001,-0.0012481254666666668,0.0003125366641666667,-0.0034683555041666665,0.119887154,0.157803725,-11.3825605,-0.0046859198099999996,0.00378104665,-1.01762813,0.27741245400000003,-0.034960276400000004,0.470956516,5412.740771484364,5407.747363281253,5415.641162109389,5409.986230468726,"2,1,0.5,1,15",0
232,26036000,31.434000000000164,9.459158923076924e-05,0.0006174437007692308,-0.00035203832307692306,0.27438864846153843,1273.8058252427184,1273.1941747572816,1274.8058252427184,1274.1941747572816,0.0,0.0,0.0,0.0,0.0,0.0,0.0,0.0,-0.0021305333,-0.0031957903,0.0010652654,0.021547817,0.031124793,-9.806652,12.437086,24.9194,101175.734,0.999993505,-0.0011949367,0.00022021889249999998,-0.003402863858333333,0.1194668172815534,0.1587719341747573,-11.434246388349514,-0.003979804610679612,0.0038043197475728157,-1.0184250601941747,0.276951586,-0.0338403804,0.470679892,5410.225878906234,5402.255957031246,5412.33769531249,5406.6592773437515,"2,1,0.5,1,15",0
233,26086000,31.484000000000165,0.0002960088752941176,-8.35758845882353e-05,-0.00039834627058823525,0.27435008529411764,1273.3203883495146,1273.6796116504854,1274.3203883495146,1274.6796116504854,0.0,0.0,0.0,0.0,0.0,0.0,0.0,0.0,-0.0067910606249999995,0.0069908,0.001131844595,-0.0520738875,0.00837987585,-9.68514575,12.409999461538462,24.91906923076923,101175.99938461538,0.9999935530769231,-0.0012619527576923075,0.0003032516503846154,-0.003367874976923077,0.11907011048543689,0.1596309196116505,-11.485322359223302,-0.004042635387378641,0.0029280291165048548,-1.0176567106796117,0.276115198,-0.035946853599999995,0.47077177800000003,5399.3009765624665,5407.029248046887,5406.44252929686,5407.798242187502,"2,1,0.5,1,15",0
234,26136000,31.534000000000166,8.101408775510203e-05,-0.000124375008877551,-0.0003244209240816326,0.27448656979591834,1273.3505154639174,1274.0,1274.1752577319587,1275.0,0.0,0.0,0.0,0.0,0.0,0.0,0.0,0.0,-0.002625115742857143,-0.00076090486,0.0007989474944218285,0.026849263571428573,-0.04377951985714286,-9.865137714285714,12.528225176470588,24.918759529411766,101174.57376470588,0.9999934953846153,-0.0013427821076923078,0.00044032250769230767,-0.003343064023076923,0.11835489329896907,0.16036415907216495,-11.536251659793814,-0.004063410984536083,0.0018363372136082476,-1.0161136515463918,0.276604278,-0.0352073092,0.470321412,5405.8642578125155,5408.664550781251,5409.046247209815,5409.975795200879,"2,1,0.5,1,15",0
235,26186000,31.584000000000167,-7.75631625e-05,7.476993687500001e-05,-1.6322892500000002e-05,0.2746519775,1274.381443298969,1274.0,1274.6907216494844,1275.0,0.0,0.0,0.0,0.0,0.0,0.0,0.0,0.0,0.00439421525,-0.0030626375,-0.000532631705,-0.040102884000000005,0.025139289000000002,-9.649231499999999,12.506536679245283,24.91841466037736,101174.87950943396,0.9999934425,-0.0013093496416666669,0.0004738826204166667,-0.0033586291291666666,0.1170213912371134,0.16085330340206186,-11.58689624742268,-0.004002550056701031,0.00032651343010309296,-1.0130667443298969,0.27622716,-0.0356242053,0.473459289,5407.825146484377,5410.49291992189,5407.321093750008,5405.464111328121,"2,1,0.5,1,15",0
236,26236000,31.634000000000167,-0.0002654805461538461,0.00020079620153846153,6.674871615384615e-05,0.27506434,1275.0,1274.0,1275.0,1275.2,0.0,0.0,0.0,0.0,0.0,0.0,0.0,0.0,0.0053263227,0.0015978926,0.0007989543,0.07661447,-0.037109964,-9.878476,12.566379076923075,24.918086153846154,101174.16846153846,0.999993523076923,-0.001189934453846154,0.0004437137353846154,-0.0033737078153846154,0.115999562,0.161364042,-11.6370734,-0.0038607319599999997,-0.000640971518,-1.01084742,0.275632316,-0.0357927734,0.473079372,5417.110156250016,5414.868164062486,5411.901171875053,5410.302050781275,"2,1,0.5,1,15",0
237,26286000,31.684000000000168,-0.00037077284999999997,7.856318000000001e-05,1.1352881250000012e-05,0.27527785,1275.0,1274.0,1275.0,1275.7,0.0,0.0,0.0,0.0,0.0,0.0,0.0,0.0,0.0091879035,0.0021305377,-0.0010652671150000001,-0.0071826059,0.029329142500000002,-9.701905,12.646194884615385,24.917757769230768,101173.20615384616,0.9999938100000001,-0.0010373804125,0.0004194340483333333,-0.0033541186083333335,0.115445242,0.161907172,-11.6865494,-0.00359747811,-0.000794948213,-1.00986947,0.27559329899999996,-0.0340713674,0.472596812,5419.745361328132,5417.2106445312775,5415.7101562499965,5415.391064453174,"2,1,0.5,1,15",0
238,26336000,31.73400000000017,-0.0003024722423076923,-8.458894076923078e-05,-0.0002485310346153846,0.2754859461538462,1274.8,1274.2,1275.0,1276.0,0.0,0.0,0.0,0.0,0.0,0.0,0.0,0.0,0.009587378,0.0039947378,0.0031958062,0.029927526,-0.04429256,-9.876082,12.709397000000001,24.91743123076923,101172.42538461539,0.9999940446153847,-0.0008197638,0.00045905437,-0.0033365063538461537,0.115108276,0.162358926,-11.735966399999999,-0.00356732164,-0.001082101664,-1.00974068,0.277766352,-0.0338825786,0.47228886800000003,5418.655078124958,5416.531445312513,5417.752636718762,5425.38437500004,"2,1,0.5,1,15",0
239,26386000,31.78400000000017,0.00032515429375,-4.9014061250000015e-05,-5.1612663749999984e-05,0.275516725,1274.3,1274.7,1275.0,1276.0,0.0,0.0,0.0,0.0,0.0,0.0,0.0,0.0,-0.0021305326000000003,-0.0047936904999999995,0.0022636858,0.01077390775,0.0113726298,-9.802461000000001,12.737205846153847,24.917104538461537,101172.09653846154,0.9999941083333334,-0.0008145044541666667,0.00052272902875,-0.0032849600416666666,0.115097341,0.162673616,-11.7852949,-0.0038868112399999995,-0.0015690202489999998,-1.01088563,0.277489706,-0.034696069,0.47163738899999996,5418.542675781261,5419.111425781254,5418.821826171872,5420.601367187474,"2,1,0.5,1,15",0
240,26436000,31.83400000000017,5.350502692307694e-05,6.890990615384616e-05,-0.00043415038153846153,0.2754265269230769,1274.2,1275.0,1275.0,1275.6,0.0,0.0,0.0,0.0,0.0,0.0,0.0,0.0,-0.0023968436,0.0023968467,-3.837128e-10,-0.07541737,0.020350887,-9.77433,12.787767384615385,24.916776923076924,101171.5,0.9999943123076923,-0.0009665605430769232,0.0004007839930769231,-0.0032078930615384617,0.11486776800000001,0.16289949,-11.83498,-0.0045045556,-0.00215409724,-1.01195148,0.277994184,-0.034524314,0.470962924,5415.904394531275,5420.3092773437575,5423.387011718722,5420.275390624987,"2,1,0.5,1,15",0
241,26486000,31.88400000000017,-6.661057749999998e-05,0.00043499262500000004,-0.00010700035000000001,0.27533222625,1274.7,1275.0,1275.0,1274.6,0.0,0.0,0.0,0.0,0.0,0.0,0.0,0.0,-0.001531316195,0.0004660573000000001,-0.0026631603999999996,0.033219547249999995,0.049081313749999994,-9.76086025,12.795712769230768,24.916449692307694,101171.41038461539,0.99999446,-0.0009749670116666666,0.00028898307875,-0.003197692633333333,0.11431023800000001,0.16299214,-11.8852,-0.0055696821,-0.0028864118400000003,-1.01289868,0.27552222000000004,-0.035286945699999996,0.47070777599999997,5417.841015624981,5419.618066406292,5419.393994140599,5417.469775390623,"2,1,0.5,1,15",0
242,26536000,31.93400000000017,0.00021272835509803922,0.00011049245686274508,0.00045366438823529417,0.27524148862745096,1275.0,1274.8,1275.0,1274.2,0.0,0.0,0.0,0.0,0.0,0.0,0.0,0.0,0.001597895,-0.006657903,0.0015978967,0.05865795,-0.011970836,-9.902418,12.872999692307692,24.916123384615386,101170.46846153846,0.99999445,-0.000981983825,0.00027651033249999997,-0.0032046926500000003,0.11362747200000001,0.162920078,-11.935475799999999,-0.0061574433999999996,-0.00356833048,-1.01378766,0.276927227826087,-0.03493683917391305,0.47098277,5414.316601562486,5419.341406249983,5417.371191406259,5416.887500000011,"2,1,0.5,1,15",0
243,26586000,31.984000000000172,8.23181416326531e-05,8.044848775510201e-05,0.00011497896734693883,0.27507025755102044,1275.0,1274.3,1275.0,1274.7,0.0,0.0,0.0,0.0,0.0,0.0,0.0,0.0,0.009103166,-0.00014526916363636364,0.0036073861090909092,-0.03536888818181819,-0.011209046909090909,-9.840060181818181,12.963288153846154,24.915795692307693,101169.40076923076,0.9999943930769231,-0.0009172163615384615,0.000262690175,-0.003214542242307692,0.112756852,0.162600948,-11.9858353,-0.0060291569,-0.00417465518,-1.01458931,0.27775980857142857,-0.035204248095238096,0.47143086904761905,5413.76413445723,5413.552580180863,5416.404091282935,5415.176346628318,"2,1,0.5,1,15",0
244,26636000,32.03400000000018,-0.00018614845923076926,0.0002757581730769231,-0.0003110076230769231,0.2751154761538462,1274.8,1274.0,1275.2,1275.0,0.0,0.0,0.0,0.0,0.0,0.0,0.0,0.0,0.011984224750000001,-0.00146474005,-0.0027963234,-0.03232172055,0.0167595845,-9.776124,12.993625076923077,24.915468461538463,101169.02353846154,0.9999948,-0.0006699652058333334,0.0002083470325,-0.0031413455166666667,0.11170085319999999,0.162171064,-12.0359202,-0.006408506,-0.00486290386,-1.0149845400000002,0.277354336,-0.0359484022,0.47175418999999996,5417.569921875007,5413.670214843793,5410.887890624978,5419.572363281249,"2,1,0.5,1,15",0
245,26686000,32.084000000000174,0.00019522292375,0.000248228025,-0.00023947239375,0.27524435625,1274.3,1274.0,1275.7,1275.0,0.0,0.0,0.0,0.0,0.0,0.0,0.0,0.0,-0.0066579012,-0.00372842665,-0.001597898325,0.042497085000000004,-0.026934599,-9.7994685,13.016919999999999,24.915142,101168.735,0.999994823076923,-0.0006371757542307692,0.0001303769979230769,-0.0031542255423076923,0.1103667862,0.161575049,-12.0855932,-0.007549308499999999,-0.00567403851,-1.01477014,0.27582508699999997,-0.034814029,0.470510143,5417.087792968744,5418.974658203131,5417.07675781253,5417.201416015642,"2,1,0.5,1,15",0
246,26736000,32.13400000000017,0.00010212787230769231,0.0001053252653846154,-0.00035044800769230773,0.2753682769230769,1274.2,1274.2,1275.8,1275.2,0.0,0.0,0.0,0.0,0.0,0.0,0.0,0.0,-0.00026629932,-0.0101200165,-0.00506,-0.08379707,0.011971179,-9.6917305,13.081386230769231,24.91481415384615,101167.9876923077,0.9999949791666667,-0.0007003192283333333,-4.0621759416666666e-05,-0.00312077835,0.1086884888,0.160799176,-12.1353118,-0.0087344472,-0.00623957708,-1.01425056,0.277425872,-0.034529743200000004,0.47179572200000003,5418.519140625007,5415.086425781311,5425.484863281199,5412.878320312479,"2,1,0.5,1,15",0
247,26786000,32.184000000000175,-0.00023601965,-0.000565684195,0.000219199325625,0.27547084875,1274.7,1274.7,1275.3,1275.7,0.0,0.0,0.0,0.0,0.0,0.0,0.0,0.0,0.00559264785,0.0091879005,-0.0018642147850000002,0.0029927500000000024,0.027533493400144996,-9.7043,13.1319475,24.914486576923075,101167.37307692308,0.9999947788461538,-0.0006448602161538462,-3.916604019230769e-05,-0.0031846258192307695,0.1064938458,0.159753516,-12.1850988,-0.0099860902,-0.00643672153,-1.01327321,0.277857205,-0.03436806,0.470124985,5417.076611328103,5426.753125000001,5412.481103515619,5419.673388671923,"2,1,0.5,1,15",0
248,26836000,32.23400000000018,-0.00030045437692307697,-0.0003099182584615385,-0.00011254826307692309,0.2757041876923077,1275.0,1275.0,1275.2,1275.8,0.0,0.0,0.0,0.0,0.0,0.0,0.0,0.0,0.00932106,-0.003994746,0.0010652763,-0.017956512,0.023942186,-9.75757,13.153616923076923,24.914160615384613,101167.10384615386,0.999995023076923,-0.0005310826561538461,2.1597734615384613e-05,-0.0031296416615384614,0.104086306,0.15888988,-12.234529,-0.011061855,-0.00623167564,-1.0126186,0.277066012,-0.033557352,0.472041576,5421.062988281253,5419.52089843748,5420.149218750037,5427.1129882812875,"2,1,0.5,1,15",0
249,26886000,32.28400000000018,-0.00022869207625,0.0001400980325,-0.0001579163325,0.27591144375,1275.0,1275.0,1275.7,1275.3,0.0,0.0,0.0,0.0,0.0,0.0,0.0,0.0,-0.0005326440000000001,-0.0137152775,0.004527382999999999,0.040701431999999996,0.0017958229045350002,-9.8240085,13.230543,24.913833615384615,101166.18730769231,0.9999953022727273,-0.00044644118818181817,-0.00017105362590909092,-0.003070898309090909,0.101359421,0.15829928,-12.283424,-0.0118738025,-0.005423344240000001,-1.0124481,0.278255672,-0.0343276647,0.47076452,5427.9800292969,5417.773046874989,5427.533789062542,5424.041308593723,"2,1,0.5,1,15",0
250,26936000,32.334000000000174,0.00026415040692307694,7.621299692307692e-05,-9.626107384615385e-05,0.27582055384615384,1275.0,1275.0,1276.0,1275.0,0.0,0.0,0.0,0.0,0.0,0.0,0.0,0.0,-0.0029294754,-0.002929483,-0.0013315732,0.0071826046,0.04189871,-9.872493,13.310358,24.913505384615384,101165.21846153846,0.9999953269230769,-0.0005081296546153846,-0.00033925547692307694,-0.0030181261384615386,0.09901209200000001,0.15767273199999998,-12.3326918,-0.0122825104,-0.00477336652,-1.01237514,0.2765200282608696,-0.03542432,0.47211287826086956,5423.02294921875,5419.74072265625,5428.9072265625,5422.3779296875,"2,1,0.5,1,15",0
251,26986000,32.38400000000018,0.00064939003,-3.124735000000002e-05,-1.7577743250000003e-05,0.27582519375000003,1275.0,1275.0,1276.0,1275.0,0.0,0.0,0.0,0.0,0.0,0.0,0.0,0.0,-0.0031957860499999997,0.003528697075,0.001464731225,-0.017657238,0.02633639475,-9.834185249999999,13.316678461538462,24.91317846153846,101165.17384615385,0.9999952249999999,-0.0006450029125,-0.00031375405499999996,-0.0030118948375,0.097234097,0.156992262,-12.3825188,-0.0120863589,-0.00436091932,-1.0124484900000001,0.278429578,-0.0357548444,0.47205026299999997,5420.332287016357,5425.888137090756,5423.075823102682,5423.346656436044,"2,1,0.5,1,15",0
252,27036000,32.43400000000018,0.00014919876076923075,2.112913076923078e-05,-1.0073813923076923e-05,0.2758432846153846,1275.0,1275.0,1275.8,1275.0,0.0,0.0,0.0,0.0,0.0,0.0,0.0,0.0,0.00213052963,0.0035952695,-0.0053263211,0.031124623,-0.0089780855,-9.7994685,13.343584923076923,24.912851076923076,101164.82,0.9999954,-0.0006541041153846154,-0.0002815041015384615,-0.0029611628153846156,0.095672122,0.15603953,-12.4325346,-0.0119757358,-0.0045547769999999994,-1.01324606,0.27813933399999996,-0.0343477966,0.47117316400000003,5424.666894531218,5425.479296875011,5418.71425781249,5423.885253906215,"2,1,0.5,1,15",0
253,27086000,32.48400000000018,-6.654999875e-05,-8.897511999999999e-05,1.0401950125e-05,0.27557146875,1275.0,1275.0,1275.3,1275.0,0.0,0.0,0.0,0.0,0.0,0.0,0.0,0.0,-0.004860274875,-0.00745684745,-0.000266309775,-0.029328976,-0.0089780841,-9.92217125,13.396854538461538,24.912522423076922,101164.16615384615,0.99999539375,-0.00063342095,-0.00027936229375000003,-0.0029760985750000002,0.09443417700000001,0.15467840500000002,-12.482833600000001,-0.011993405300000001,-0.005658092,-1.0151299599999999,0.278102316,-0.0354981209,0.47136644,5419.919921874994,5424.362060546874,5425.46401367191,5420.342138671863,"2,1,0.5,1,15",0
254,27136000,32.53400000000018,-0.0002906172361538461,0.0005370313800000001,0.00020409924892307696,0.27546099230769233,1275.0,1275.1941747572816,1275.0,1275.1941747572816,0.0,0.0,0.0,0.0,0.0,0.0,0.0,0.0,0.004261061,-2.861816e-09,-0.0039947396,-0.038307235,0.021547984,-9.696516,13.493464,24.912194384615386,101162.99446153847,0.9999953315384615,-0.00058589478,-0.00038131103615384615,-0.0029779115076923077,0.09285639446601941,0.15319450475728155,-12.53302659223301,-0.012407271466019418,-0.0063174437184466015,-1.0153260669902913,0.27820995400000004,-0.0328837466,0.470339696,5419.466642680921,5424.274850945696,5415.811317845422,5417.324912623362,"2,1,0.5,1,15",0
255,27186000,32.58400000000018,-8.147503505882354e-05,0.0006636623470588236,0.0003269218847058823,0.27576122235294115,1275.0,1275.6796116504854,1275.0,1275.6796116504854,0.0,0.0,0.0,0.0,0.0,0.0,0.0,0.0,0.004793688609090909,-0.0039221127272727275,0.00479369156,-0.009903290090909091,-0.005876505945454544,-9.813180272727273,13.548901115384615,24.911865423076925,101162.36738461538,0.9999952611538462,-0.00047412030038461537,-0.0004970348596153847,-0.003007569542307692,0.09076885563106796,0.15152644165048545,-12.583060572815533,-0.013415432631067961,-0.006310850514563107,-1.0129904844660194,0.278692048,-0.0357023436,0.470791558,5422.906198601938,5419.320595189146,5421.082622327313,5420.187705592181,"2,1,0.5,1,15",0
256,27236000,32.634000000000185,-0.0002748269663265306,-0.00013514086102040817,-0.0003147566514285714,0.2760287442857143,1275.0,1275.8247422680413,1275.1752577319587,1276.0,0.0,0.0,0.0,0.0,0.0,0.0,0.0,0.0,0.008255806,-0.00559263,0.0018642116,0.019153617,0.010774079,-9.786302,13.584835923076923,24.91153569230769,101161.92569230769,0.9999955115384616,-0.0003734889946153846,-0.0005790344,-0.0029270839923076926,0.08880106082474226,0.1500095457731959,-12.633043742268041,-0.014156198051546392,-0.006529505946391753,-1.0114364164948455,0.2781701985714286,-0.03439623585714286,0.47107054,5424.322363281294,5421.41328125004,5424.413867187461,5427.36328124997,"2,1,0.5,1,15",0
257,27286000,32.68400000000018,-0.00010607969250000008,2.1261058750000008e-05,-0.00067598948125,0.27604146875,1275.0,1275.3092783505156,1275.6907216494844,1276.0,0.0,0.0,0.0,0.0,0.0,0.0,0.0,0.0,-0.00825580225,-0.00093210875,0.0010652591,-0.0275333255,0.049081311,-9.8198205,13.669345923076923,24.91120680769231,101160.88961538461,0.9999956522727272,-0.00031096280363636364,-0.0006162853022727273,-0.0028874558136363637,0.08706571030927836,0.14878609216494845,-12.682928278350515,-0.014377901144329897,-0.007185408729896908,-1.0113994061855671,0.27861804,-0.0343374408,0.471434135,5422.9498046874905,5423.816601562557,5428.105957031287,5425.305566406198,"2,1,0.5,1,15",0
258,27336000,32.73400000000018,0.0002248818507692308,-0.0001691765523076923,-0.0003951701961538462,0.2759893230769231,1275.1941747572816,1275.0,1275.8058252427184,1275.8058252427184,0.0,0.0,0.0,0.0,0.0,0.0,0.0,0.0,-0.0031957943,0.003728428,-0.0013315749,0.05267244,0.055066817,-9.858126,13.723519,24.910877,101160.28,0.99999571,-0.0004636050071428571,-0.0006188796042857143,-0.002838276885714286,0.08560255760869566,0.1477796460869565,-12.732961826086957,-0.014461119086956522,-0.007412796834782609,-1.0120007217391305,0.27919743399999997,-0.0341447452,0.470785444,5421.963378906231,5427.976464843765,5425.386132812478,5423.801171874995,"2,1,0.5,1,15",0
259,27386000,32.784000000000184,-0.0004580275529411764,-4.723579764705883e-05,3.579072529411765e-05,0.2758017411764706,1275.6796116504854,1275.0,1275.3203883495146,1275.3203883495146,0.0,0.0,0.0,0.0,0.0,0.0,0.0,0.0,0.0035286926999999997,-0.005392897975,-0.0009321105499999999,-0.021248541500000002,0.0104748045,-9.814432875,13.691919,24.910549115384615,101160.66461538461,0.9999957754166666,-0.00046188276125,-0.0006071866391666667,-0.002804642270833333,0.08454770163043478,0.14709871130434782,-12.783218891304347,-0.014336609304347827,-0.006997412921739131,-1.0135595260869565,0.278421184,-0.0361562574,0.470872926,5423.114990234388,5420.43940429685,5428.204980468786,5427.041064453114,"2,1,0.5,1,15",0
260,27436000,32.83400000000019,-0.00018746975020408164,0.00038596485020408165,-8.530950204081625e-06,0.27553863836734693,1275.8247422680413,1274.8247422680413,1275.1752577319587,1275.1752577319587,0.0,0.0,0.0,0.0,0.0,0.0,0.0,0.0,-0.00292947415,-0.0031957980499999995,0.00146473805,0.013168109499999997,-0.0035911306499999997,-9.8437605,13.785998692307691,24.91021846153846,101159.54461538461,0.99999589,-0.0003714542476923077,-0.0007123318307692307,-0.002797131,0.08418882296296297,0.14628499407407405,-12.832976037037037,-0.013271837,-0.007074881444444445,-1.015425288888889,0.279864664,-0.0329266368,0.47124882,5422.636328124981,5420.1513671874945,5421.268554687499,5420.992480468654,"2,1,0.5,1,15",0
261,27486000,32.884000000000185,-0.0001413232975,0.00041812025,-0.00065856623125,0.27537820125,1275.3092783505156,1274.3092783505156,1275.6907216494844,1275.6907216494844,0.0,0.0,0.0,0.0,0.0,0.0,0.0,0.0,-6.656638e-05,0.00692422645,-0.0069242159999999995,-0.046088392500000006,0.015263206,-9.703699499999999,13.81471123076923,24.90988946153846,101159.1625,0.9999957754166666,-0.0003572187716666667,-0.0007950657108333333,-0.0028025587250000003,0.08437678361111112,0.14536694777777776,-12.882340388888888,-0.011468287,-0.007539591166666667,-1.0175322333333334,0.277352314,-0.0356153301,0.471318814,5421.2290527343785,5422.284326171953,5416.332666015551,5412.56147460934,"2,1,0.5,1,15",0
262,27536000,32.93400000000018,9.01545923076925e-06,0.0004149658461538461,-0.00042036795,0.27537181615384615,1275.0,1274.2,1275.8,1275.6,0.0,0.0,0.0,0.0,0.0,0.0,0.0,0.0,0.0063915895,0.0029294717,0.0023968474,-0.010773908,-0.035912856,-9.800665,13.837283461538462,24.909558923076922,101158.90076923076,0.9999959166666668,-0.0002927295291666667,-0.0006763418666666666,-0.002778211291666667,0.084957472,0.144452302,-12.932140799999999,-0.0092274829,-0.0079824002,-1.01837478,0.280507008,-0.033466136,0.470417408,5417.27001953125,5411.8212890625,5420.9404296875,5420.41162109375,"2,1,0.5,1,15",0
263,27586000,32.98400000000019,0.00012638818750000002,0.00047423927974999996,0.000236437305,0.27535458125,1275.0,1274.7,1275.3,1274.6,0.0,0.0,0.0,0.0,0.0,0.0,0.0,0.0,-0.0018642208,0.0101200155,-0.0074568482,0.0101753565,0.035913202000000005,-9.8317905,13.954658461538461,24.90922896153846,101157.495,0.9999961,-0.0002604003238461539,-0.0005733115926923077,-0.002744550696153846,0.086127252,0.143542757,-12.9825953,-0.00633079765,-0.0083923582,-1.01732073,0.278399766,-0.035380015,0.470902686,5418.4461914062485,5420.1831542969285,5416.152050781207,5411.856494140587,"2,1,0.5,1,15",0
264,27636000,33.03400000000019,-0.0002009996071428571,1.4231772428571426e-05,0.0001928544942857143,0.27542013214285715,1275.0,1275.0,1274.8,1274.4,0.0,0.0,0.0,0.0,0.0,0.0,0.0,0.0,0.0055926360500000005,0.0131826505,-0.0007989538900000001,0.007781155999999999,-0.026934600500000003,-9.826402999999999,14.043141923076922,24.908899153846153,101156.43153846155,0.9999961076923077,-0.0002482915619230769,-0.00031587194,-0.0027790804461538463,0.0871205908,0.14263668,-13.0331072,-0.0039709619,-0.00843262266,-1.01624358,0.278641636,-0.0356164692,0.472043292,5416.9018554687245,5419.5584960937485,5419.047460937503,5418.745703125068,"2,1,0.5,1,15",0
265,27686000,33.08400000000019,-0.0007396888245454545,-0.00024419817636363636,-0.00017628666036363639,0.27545666227272725,1275.0,1275.0,1274.3,1275.4,0.0,0.0,0.0,0.0,0.0,0.0,0.0,0.0,0.0122505525,0.016378432499999998,-0.0021305399,-0.027533324,0.025139289000000002,-9.8060525,14.044069078431372,24.908569647058822,101156.41415686274,0.9999962,-7.065976041666666e-05,2.544368333333333e-06,-0.0027624832083333333,0.0878492678,0.141735805,-13.0837052,-0.0024164004,-0.00791834681,-1.01513178,0.27707463652173914,-0.03391090565217391,0.47074010869565214,5418.788471422707,5417.900133634867,5412.517835115066,5421.516267475342,"2,1,0.5,1,15",0
266,27736000,33.134000000000185,-0.000501100443076923,-0.0004801869784615384,0.0002016930206153846,0.2755465676923077,1275.0,1274.8,1274.4,1275.8,0.0,0.0,0.0,0.0,0.0,0.0,0.0,0.0,-0.0035952703500000006,0.00679106195,0.000665796,0.046088392,-0.014365037499999997,-9.8635135,14.100360886792453,24.908249433962265,101155.75866037737,0.9999961916666666,7.797910808333333e-05,0.0003183078016666667,-0.0027356801000000004,0.0882563484,0.14095896600000002,-13.134175800000001,-0.0014648737800000001,-0.00751689296,-1.01474004,0.27767828,-0.034966767,0.4719312,5419.367773437501,5419.276855468751,5416.1743164062755,5427.170703124947,"2,1,0.5,1,15",0
267,27786000,33.18400000000019,0.00025638453875,7.571918000000001e-05,0.00028318718125,0.2754373125,1275.0,1274.3,1275.4,1275.3,0.0,0.0,0.0,0.0,0.0,0.0,0.0,0.0,-0.011318435,-0.0002663094699999999,0.0019973741999999997,0.0029927517000000008,-0.0059853361,-9.6695825,14.148779,24.907914576923076,101155.18673076923,0.9999961175000001,-7.897357325e-05,0.00040630965875,-0.0027400924750000002,0.0881810344,0.140368181,-13.1844553,-0.00141789948,-0.00728467211,-1.01542839,0.27674855,-0.0348871405,0.4710065,5417.966894531235,5422.381689453099,5417.9046386718965,5416.172900390631,"2,1,0.5,1,15",0
268,27836000,33.234000000000194,0.00032240673153846155,0.00023569682230769232,-0.0001993404153846154,0.27523342307692306,1275.0,1274.0,1275.6,1275.0,0.0,0.0,0.0,0.0,0.0,0.0,0.0,0.0,-0.0063915856,-0.0062584315,-0.0027963186,0.0035913021,-0.044292569500000004,-9.83179,14.20349346153846,24.907579923076923,101154.50846153845,0.99999624,-0.00024818064615384617,0.00034515826692307693,-0.0027040308153846154,0.0883011308,0.13998861,-13.2351884,-0.0010792696380000002,-0.00724143768,-1.01603784,0.27796957,-0.035324525,0.471328,5419.037304687496,5417.015917968763,5421.749218749981,5411.93994140618,"2,1,0.5,1,15",0
269,27886000,33.28400000000019,-4.355813250000003e-05,-2.72744265e-05,-4.366975000000121e-07,0.2749443875,1275.0,1274.0,1274.6,1275.0,0.0,0.0,0.0,0.0,0.0,0.0,0.0,0.0,0.0010168527818181818,0.008328430045454544,0.0020336869545454547,0.05865793818181818,-0.010991390454545454,-9.848222818181817,14.2468325,24.90725069230769,101153.99980769231,0.99999627,-0.0002942673973076923,0.0003266504446153846,-0.002705331246153846,0.0887143428,0.13992586,-13.286601899999999,-0.000303156483,-0.00748168288,-1.01652894,0.27714454916666664,-0.03335120008333333,0.4719176758333333,5410.554199218729,5414.500976562488,5414.261035156228,5413.67622070316,"2,1,0.5,1,15",0
270,27936000,33.33400000000019,-0.00025728592769230774,-8.457436400000003e-05,-0.0002526207253846154,0.27495939230769234,1274.8,1274.2,1274.2,1274.6,0.0,0.0,0.0,0.0,0.0,0.0,0.0,0.0,0.010652643,0.011451596,0.0037284286,0.022744918,0.02633639,-9.782708,14.301728307692308,24.906921307692308,101153.34461538462,0.9999965,-0.00014357063261538462,0.00045806085384615387,-0.0026350647692307693,0.08899625,0.13943255400000001,-13.338024599999999,-5.927951200000004e-05,-0.0076672762,-1.01686356,0.27495624,-0.0337374026,0.471489276,5412.502832031246,5408.85771484375,5410.518457031275,5422.326269531259,"2,1,0.5,1,15",0
271,27986000,33.38400000000019,0.00044041809874999997,-0.00010063324750000002,-8.183499375000002e-05,0.27489446,1274.3,1274.7,1274.7,1273.6,0.0,0.0,0.0,0.0,0.0,0.0,0.0,0.0,-0.0128497525,0.00046606007500000005,0.0012649911500000003,0.021547817,0.030526245825,-9.72464875,14.343261,24.906592500000002,101152.83,0.9999964958333333,-0.00012868038216666666,0.0005573595170833333,-0.0026021746458333335,0.0890812,0.138293414,-13.3894611,-0.000613756817,-0.0077708917,-1.01696346,0.27827638,-0.034328833999999996,0.470733483,5406.667431640576,5416.046386718782,5413.918457031259,5412.749707031198,"2,1,0.5,1,15",0
272,28036000,33.4340000000002,0.0003672655453846154,0.00017344618999999995,0.00016848669230769232,0.2746899907692308,1274.2,1274.8,1274.8,1273.4,0.0,0.0,0.0,0.0,0.0,0.0,0.0,0.0,0.0015978923,-0.009054755,-0.0023968308,-0.007182605,0.009576978,-9.738418,14.399962153846154,24.906264153846152,101152.17,0.9999964,-0.00034135840416666665,0.0004955133491666667,-0.0026261071833333337,0.089020174,0.137457538,-13.440729,-0.00150502312,-0.0076994914,-1.01623828,0.278085028,-0.034244287400000004,0.46939914,5411.416894531245,5415.713378906228,5410.995898437449,5403.444335937575,"2,1,0.5,1,15",0
273,28086000,33.484000000000194,-0.00030031159375,-8.927117925e-05,-5.90957885e-05,0.27474282,1274.7,1274.3,1274.3,1274.4,0.0,0.0,0.0,0.0,0.0,0.0,0.0,0.0,0.010785804,-0.00266316375,0.00106525515,-0.01256955965,0.014365380649999999,-9.781513,14.478513538461538,24.905936153846156,101151.23476923077,0.99999643,-0.00019903865526923076,0.00044740687153846154,-0.0026243952346153847,0.088740184,0.13707655800000002,-13.491744,-0.0029014729200000002,-0.0073655674,-1.01427548,0.27720806,-0.0334426378,0.472783643,5408.480859374993,5409.645068359354,5407.972216796875,5415.716845703176,"2,1,0.5,1,15",0
274,28136000,33.53400000000019,-0.0003771423757692308,-6.689779415384615e-05,6.624450861538462e-05,0.2749822507692308,1274.8,1274.4,1274.2,1274.8,0.0,0.0,0.0,0.0,0.0,0.0,0.0,0.0,-0.0023968337499999997,-0.0150468635,-0.0042610679,5.00000003206269e-10,-0.0191534435,-9.8048565,14.526366999999999,24.905609230769233,101150.63553846155,0.9999966507692307,1.211402846153846e-06,0.0003031706123076923,-0.002584806446153846,0.088260338,0.13641879,-13.542198800000001,-0.00405443364,-0.0074473151,-1.0126313,0.277796276,-0.033210548,0.47176039999999997,5417.28466796875,5406.61181640625,5413.45263671875,5416.712890625,"2,1,0.5,1,15",0
275,28186000,33.584000000000195,0.000404130776875,-0.0001979643425,0.00026916894375,0.27525018,1274.3,1275.4,1274.7,1274.3,0.0,0.0,0.0,0.0,0.0,0.0,0.0,0.0,-0.0007989494,-0.0026631618,0.0007989481399999999,0.052672438,-0.04429256749999999,-9.725247,14.5850545,24.905282307692307,101149.94076923077,0.9999965341666667,-0.00012572959854166666,6.845922729166666e-05,-0.0026381759625000003,0.087480708,0.13534584,-13.5918133,-0.0048421607399999995,-0.00815257035,-1.01146505,0.27601062099999996,-0.0346657367,0.4711205,5417.9057128906015,5417.999658203145,5415.132763671897,5416.408398437543,"2,1,0.5,1,15",0
276,28236000,33.6340000000002,0.0006284392666666666,-0.00010443456470588235,0.0004052610205882353,0.2754026545098039,1274.2,1275.6,1275.2,1274.2,0.0,0.0,0.0,0.0,0.0,0.0,0.0,0.0,-0.0027963207,-0.0030626283,0.00386158775,-0.011971011499999996,0.029927693499999998,-9.864711,14.641970301886793,24.90495916981132,101149.26924528302,0.9999964076923077,-0.0003217515653846154,4.135091961538462e-05,-0.002657003276923077,0.086596478,0.133981022,-13.641138,-0.0054028845999999995,-0.0089098226,-1.01063828,0.279248246,-0.033914975199999996,0.47062805,5412.278515624971,5421.832714843737,5423.200292968754,5415.429882812587,"2,1,0.5,1,15",0
277,28286000,33.6840000000002,-5.317359489795918e-05,0.00021045134408163263,0.00014488813346938775,0.2755079355102041,1274.7,1274.6,1275.7,1274.7,0.0,0.0,0.0,0.0,0.0,0.0,0.0,0.0,0.0125168545,-0.00719053415,-0.00452738825,0.0233434715,0.0179566875,-9.85333825,14.687285823529413,24.904637549019608,101148.72980392157,0.9999965016666666,-0.00027322458845833336,2.886372291666666e-06,-0.0026443160875,0.085555348,0.132178402,-13.690028,-0.0056231036,-0.009745070350000001,-1.0103207300000001,0.28015028000000003,-0.033865434,0.47004509,5422.935986328199,5421.403564453084,5419.020410156256,5413.9553222656095,"2,1,0.5,1,15",0
278,28336000,33.734000000000194,-0.0002115526153846154,0.00016053279846153844,-0.0004050786476923077,0.2757703946153846,1275.2,1274.2,1276.0,1275.0,0.0,0.0,0.0,0.0,0.0,0.0,0.0,0.0,0.016378441,0.000798929813804,-0.00066578345,-0.025139122399999998,0.0341175455,-9.7928845,14.72644623076923,24.90430076923077,101148.25384615384,0.99999654,-2.3571009692307695e-05,-0.00015153370076923078,-0.0026424891923076924,0.084202445,0.1306756,-13.7388727,-0.0061681670000000004,-0.0099692058,-1.00954042,0.279433932,-0.0340409692,0.472413666,5427.315136718779,5418.539941406283,5416.375878906212,5420.49843750005,"2,1,0.5,1,15",0
279,28386000,33.7840000000002,-0.00028834288125,-0.00019245099000000004,-5.4702538749999994e-05,0.276069345,1275.7,1274.7,1276.0,1275.0,0.0,0.0,0.0,0.0,0.0,0.0,0.0,0.0,0.003795001875,0.006657898875,-0.0033289622675,-0.00598550575,0.00957697875,-9.8258055,14.808608730769231,24.90397423076923,101147.27807692307,0.999996534509804,0.00018452348176470587,-5.795822725490196e-05,-0.0026515320607843136,0.0823818825,0.129622525,-13.78764945,-0.007200497,-0.0092766728,-1.00806597,0.27765369900000003,-0.0337821365,0.472100949,5427.026855468781,5429.0878906250555,5416.824951171876,5430.282568359384,"2,1,0.5,1,15",0
280,28436000,33.8340000000002,0.00016557233846153845,0.0001815170042307692,-4.6269769999999986e-05,0.27618965461538464,1276.0,1275.0,1276.0,1275.2,0.0,0.0,0.0,0.0,0.0,0.0,0.0,0.0,-0.0050067477199999995,-0.009374312,0.00548613336,-0.00550666346,0.016759586,-9.889011400000001,14.843821230769231,24.903645538461536,101146.83892307692,0.9999964040816327,0.00013801766575510202,-6.207802163265306e-05,-0.002690780081632653,0.08073007800000001,0.12825762999999998,-13.8366986,-0.0077402162,-0.0087006212,-1.0075091200000001,0.27796454,-0.0323743266,0.47170218,5426.909807477614,5426.164760044592,5428.572544642891,5425.869559151851,"2,1,0.5,1,15",0
281,28486000,33.8840000000002,0.0004952669074999999,6.5929928125e-05,-0.00028395183125,0.27621799375,1276.0,1275.0,1276.0,1275.7,0.0,0.0,0.0,0.0,0.0,0.0,0.0,0.0,-0.0069907951,-0.0019973649208822504,0.0024634304,0.052073890750000004,0.0341175475,-9.761759875,14.818901615384615,24.90331753846154,101147.11423076924,0.9999966100000001,-2.8558941416666665e-05,-0.0001962296375,-0.0025977494791666667,0.0793314105,0.12642500499999998,-13.88615635,-0.0075410192,-0.0082992917,-1.00832867,0.276354648,-0.0349110911,0.470493155,5422.727636718745,5425.6548828125015,5430.132080078118,5429.6422851562675,"2,1,0.5,1,15",0
282,28536000,33.9340000000002,0.00028379108923076924,3.878830769230769e-05,-0.00018856635384615383,0.2761407653846154,1276.0,1275.2,1275.8,1275.8,0.0,0.0,0.0,0.0,0.0,0.0,0.0,0.0,-0.00026631696,0.0053263265,0.0055926354,0.056263745,-0.055066474,-9.7719345,14.908829,24.90298876923077,101146.06815384615,0.9999968261538461,-0.00012132473153846154,-0.00025850103615384615,-0.0025327136461538464,0.07814019080000001,0.12480530719999999,-13.9361352,-0.00716920888,-0.0082919832,-1.00928232,0.277246514,-0.033707605,0.470545116,5427.114648437508,5424.921777343776,5430.426074218682,5427.532324218704,"2,1,0.5,1,15",0
283,28586000,33.9840000000002,0.00012018904500000002,-0.000154561502,0.0003555965875,0.27578401750000003,1276.0,1275.7,1275.3,1275.3,0.0,0.0,0.0,0.0,0.0,0.0,0.0,0.0,-0.0003994690850445,0.0050600065,0.0009321071000000002,0.042497081500000006,0.0083798795,-9.878477,14.991173,24.90266076923077,101145.08576923076,0.99999666,-0.00015430332541666665,-0.00020146443624999999,-0.0025666690708333333,0.0772601428,0.12350500019999999,-13.986895700000002,-0.00653847858,-0.0088757062,-1.0104371200000002,0.278740171,-0.034582983,0.471332488,5419.203955078068,5427.894726562485,5422.7843261718845,5422.248828125017,"2,1,0.5,1,15",0
284,28636000,34.034000000000205,-0.0001894914646153846,-0.00010395319046153847,0.00013183451538461535,0.27578676076923075,1275.8,1275.8,1275.0,1275.2,0.0,0.0,0.0,0.0,0.0,0.0,0.0,0.0,0.0063915875,0.00053263168,0.0029294798499999997,0.01915361715,-0.046088215,-9.715671,14.991173,24.90233,101145.08,0.9999966849999999,-6.870561916666667e-05,-0.0001888933975,-0.0025750481666666665,0.0765327022,0.1221248356,-14.037115,-0.00568336636,-0.0092263312,-1.01120458,0.277426868,-0.0337245028,0.471434532,5426.27255859374,5419.949902343678,5422.0882812500395,5422.237011718824,"2,1,0.5,1,15",0
285,28686000,34.0840000000002,-0.0002659879875,-0.00015307638875,-0.0005441670325,0.27599424875,1275.3,1275.3,1275.0,1275.7,0.0,0.0,0.0,0.0,0.0,0.0,0.0,0.0,-0.0001331527200445,0.004394217000000001,0.0018642125999999998,0.025737671,0.0454900115,-9.8802725,15.036317230769232,24.90200019230769,101144.50307692308,0.9999969775,9.011904874999999e-05,-0.0001358312225,-0.0024853983875,0.0760341727,0.1206248846,-14.086522500000001,-0.00449168126,-0.009227309199999999,-1.01139103,0.27786703700000004,-0.0351876818,0.470530177,5422.242626953124,5421.856982421911,5426.820507812487,5428.02299804686,"2,1,0.5,1,15",0
286,28736000,34.1340000000002,-0.0003382892819230769,1.3410883846153853e-05,-0.00037774795076923076,0.2757825876923077,1275.0,1275.0,1275.0,1276.0,0.0,0.0,0.0,0.0,0.0,0.0,0.0,0.0,0.00026631576,0.00026631664,-0.0013315806,0.03232173,-0.008379537,-9.776724,15.050195857142857,24.901694714285714,101144.36857142858,0.9999970857142857,0.00013469184428571427,-9.062690214285714e-05,-0.0024580909714285713,0.07574830199999999,0.1191132184,-14.1362372,-0.0035949744799999997,-0.0095329656,-1.01149454,0.27641821333333333,-0.033262404333333336,0.4711232666666667,5422.342382812475,5419.9294921875035,5425.322460937513,5421.936718749978,"2,1,0.5,1,15",0
287,28786000,34.184000000000204,9.906486437499999e-05,-0.00018976187375000002,-0.000328738785,0.2756933275,1275.0,1275.0,1275.0,1276.0,0.0,0.0,0.0,0.0,0.0,0.0,0.0,0.0,0.001464740525,0.008388957499999999,-0.0007989551000000001,-0.0011971005999999998,-0.009576637901385,-9.7833075,15.15838723076923,24.901347153846153,101143.04153846153,0.9999970090909092,6.873602545454545e-05,-1.6044186590909093e-05,-0.002446631818181818,0.07578141949999999,0.1175839794,-14.1864127,-0.00314073518,-0.0102956396,-1.01147364,0.277305955,-0.034179976099999995,0.47171752,5419.657993861604,5424.790318080379,5422.029924665165,5422.881068638409,"2,1,0.5,1,15",0
288,28836000,34.23400000000021,0.0003217340921428571,-0.00034304847642857144,-5.267379928571429e-05,0.2756433328571429,1275.0,1274.8,1275.2,1276.0,0.0,0.0,0.0,0.0,0.0,0.0,0.0,0.0,0.003462116,0.002663148,0.005858958,-0.007182605,-0.043095462,-9.925163,15.201725692307694,24.901011384615384,101142.54538461538,0.9999972092307693,0.00012079285,8.98157823076923e-05,-0.0023897358615384617,0.07602922799999999,0.1161188378,-14.2366042,-0.00296368028,-0.011310652000000001,-1.01155922,0.278445082,-0.033500904,0.472722938,5420.641216077292,5420.8962273849,5421.4399157072185,5424.888928865109,"2,1,0.5,1,15",0
289,28886000,34.284000000000205,0.00025745615,-0.00022819531136363636,-0.00017219699772727274,0.27548216363636363,1275.0,1274.3,1275.7,1276.0,0.0,0.0,0.0,0.0,0.0,0.0,0.0,0.0,0.00113184265,-0.00026631367250000003,-0.002929477075,0.02394201875,-0.03860633525,-9.8210165,15.224298173076923,24.900681346153846,101142.27442307693,0.99999726,0.0001583888526923077,0.00015997252038461537,-0.0023714225000000004,0.076599073,0.1147498423,-14.286819699999999,-0.00320240198,-0.012704172,-1.01180452,0.276180942,-0.0327120682,0.473314821,5412.77001953125,5422.49853515625,5419.7919921875,5420.92724609375,"2,1,0.5,1,15",0
290,28936000,34.3340000000002,-0.0004499276076923077,0.0001938542884615385,-0.0005794859038461539,0.27567894615384614,1269.2,1268.4,1270.0,1270.0,0.0,0.0,0.0,0.0,0.0,0.0,0.0,0.0,0.007989484,0.0013315856,-1.3952451e-09,0.053869545,0.04668711,-9.752781,15.305377,24.900350153846155,101141.29153846153,0.99999726,0.00028583058916666667,0.00011914422333333334,-0.0023353699916666667,0.077202432,0.113838567,-14.337158599999999,-0.002731243528,-0.0127889772,-1.01109492,0.27731487600000004,-0.0321221356,0.471356316,5421.362890625058,5418.120410156262,5421.920214843763,5423.388671874966,"2,1,0.5,1,15",0
291,28986000,34.384000000000206,-0.00047966735,0.0001443639625,-5.8744656249999985e-05,0.26479781625,1254.7,1254.4,1255.0,1255.0,0.0,0.0,0.0,0.0,0.0,0.0,0.0,0.0,0.00266316335,0.00186421295,-0.002396843,-0.0401028815,1.6850000000151466e-07,-9.767145750000001,15.344743269230769,24.900019076923076,101140.80892307693,0.9999972461538461,0.00036474783884615384,0.00012864024,-0.002335402276923077,0.077856062,0.113613872,-14.3876826,-0.0011952648479999998,-0.0109107102,-1.00895297,0.278547441,-0.0319618425,0.472182812,5429.043750000027,5419.25444335939,5421.2708007812225,5419.733398437495,"2,1,0.5,1,15",0
292,29036000,34.43400000000021,-0.00031042960192307695,-0.0003134166230769231,-4.565995e-05,0.24688982923076921,1247.2,1247.2,1247.4,1247.4,0.0,0.0,0.0,0.0,0.0,0.0,0.0,0.0,-0.0018642321,0.009853698,-0.00559263,0.01436521,0.00478857,-9.500195,15.38266476923077,24.899690153846155,101140.37461538462,0.9999971283333333,0.00040215273583333336,0.00022773661333333332,-0.002375903775,0.0786522672,0.113289394,-14.4374662,2.3751168000000003e-05,-0.0094411392,-0.9926191499999999,0.277499792,-0.0324557704,0.47058448199999997,5177.332031249203,5174.716699218033,5171.796093749166,5176.45234374915,"2,1,0.5,1,15",0
293,29086000,34.48400000000021,6.9591377175e-05,-0.00026119179875,-0.00048873951625,0.24941915125,1250.2,1250.2,1250.9,1250.9,0.0,0.0,0.0,0.0,0.0,0.0,0.0,0.0,-0.009254482500000001,0.001797644475,0.0021305383,0.0023942011999999995,-0.01705853375,-8.793306000000001,15.461215730769231,24.899370923076923,101139.43192307692,0.9999970125000001,0.00028188111625,0.00039202559375,-0.0023983911125,0.0796623352,0.1128152415,-14.4861392,0.000767323188,-0.008584612200000001,-0.954997525,0.278127197,-0.0346471176,0.472234579,5105.126953125,5111.30615234375,5108.9892578125,5113.28955078125,"2,1,0.5,1,15",0
294,29136000,34.534000000000205,-0.0001939186118153846,0.00019861099307692307,-0.0004881201676923077,0.24997692,1251.6,1251.8,1252.2,1252.4,0.0,0.0,0.0,0.0,0.0,0.0,0.0,0.0,-0.005060007,-0.0021305261,0.0005326335,-0.0011971008,0.037110288,-8.834606,15.502929,24.899066615384616,101138.93076923076,0.9999971153846153,0.0001666785323076923,0.00044336958846153844,-0.002364924076923077,0.0804922196,0.112436018,-14.5320534,0.00132156972,-0.007763761080000001,-0.9101047,0.277142634,-0.0321979998,0.470281492,5076.82675781229,5076.282519530949,5078.100390624787,5076.209277343538,"2,1,0.5,1,15",0
295,29186000,34.58400000000021,-0.00036881704375,0.00020012590750000003,4.100517499999994e-05,0.247299185,1250.6,1251.3,1250.2,1250.9,0.0,0.0,0.0,0.0,0.0,0.0,0.0,0.0,-0.001198426075,0.0009986827601085,-0.0037284253249999996,-0.0296282505,0.045489981,-8.605958,15.5334465,24.8987905,101138.565,0.9999971653846154,0.0001718961210769231,0.0003942105965384615,-0.0023562536153846152,0.0810518286,0.112199188,-14.573829400000001,0.00159182802,-0.00699642378,-0.854305075,0.277190667,-0.034157019,0.472598987,5091.556689453348,5088.800732422183,5086.545849609554,5087.113330078312,"2,1,0.5,1,15",0
296,29236000,34.63400000000021,0.0002252642615384615,-4.528227461538461e-05,0.00042057136538461537,0.24859614076923076,1250.4,1251.0,1249.4,1250.2,0.0,0.0,0.0,0.0,0.0,0.0,0.0,0.0,-0.0082558,0.0050600083,-0.003994742,0.019153617,-0.040701274,-8.704123,15.581299384615384,24.89852223076923,101137.97769230769,0.9999969,0.00010716852538461539,0.00044067048,-0.0024509932384615385,0.08160731119999999,0.112041995,-14.613385000000001,0.00176272352,-0.006524051019999999,-0.79891286,0.277884052,-0.0338044248,0.47104168,5063.866894531127,5067.33193359364,5057.649511718695,5059.011035156146,"2,1,0.5,1,15",0
297,29286000,34.68400000000021,0.00026287992249999993,7.3858354875e-05,0.00029674706875000003,0.24792482999999998,1251.4,1251.0,1250.4,1250.7,0.0,0.0,0.0,0.0,0.0,0.0,0.0,0.0,0.0034621106000000002,-0.0057257963000000005,0.0009321099,-0.009576805749999999,0.034117531,-8.696938,15.625360576923077,24.89825923076923,101137.46769230769,0.9999968958333333,-3.227848120833333e-05,0.0004363024,-0.002471669075,0.0821566042,0.11200425750000001,-14.649610000000001,0.00178457482,-0.00649412507,-0.74413176,0.277235907,-0.0324037766,0.470278693,5089.526562500255,5087.88828125016,5092.601220703375,5083.8946777346255,"2,1,0.5,1,15",0
298,29336000,34.73400000000021,-0.0005056040861538462,2.138371492307692e-05,0.00012692346538461537,0.24901043769230768,1251.4,1250.8,1250.8,1250.8,0.0,0.0,0.0,0.0,0.0,0.0,0.0,0.0,-0.0010652647,-0.002663161,0.000532634,0.041898537,-0.01795636,-8.910022,15.699397307692307,24.898024615384617,101136.59076923077,0.9999968076923077,5.8316045692307694e-05,0.00044665332,-0.0025060343692307695,0.08229736480000001,0.11153667680000001,-14.683344400000001,0.00161383757,-0.0068850122,-0.6914664460000001,0.277293632,-0.033228302200000004,0.470374788,5113.099218749392,5110.027148436887,5110.726562499405,5113.921093749453,"2,1,0.5,1,15",0
299,29386000,34.78400000000021,0.00012386357500000002,-7.416308374999999e-05,-0.000310471036125,0.24678637625,1249.9,1250.3,1250.3,1250.3,0.0,0.0,0.0,0.0,0.0,0.0,0.0,0.0,-0.0030626426999999998,0.0038615822500000004,-0.00146473255,-0.010175357650000001,0.01675956675,-8.757392,15.773975307692307,24.897805576923076,101135.67346153846,0.9999968954545454,0.0001192994598181818,0.0005292559318181818,-0.00245273865,0.0818253268,0.11042433130000001,-14.7133429,0.001154217495,-0.00790711895,-0.641974811,0.277271059,-0.0328495682,0.470074895,5079.151708984479,5081.585937500168,5080.46455078139,5086.800585937604,"2,1,0.5,1,15",0
300,29436000,34.834000000000216,0.0002243504038461539,-3.6396521538461515e-05,0.00014472758430769233,0.24872912,1249.4,1250.2,1250.2,1250.2,0.0,0.0,0.0,0.0,0.0,0.0,0.0,0.0,-0.0055926335,-0.0021305317,-0.0031958024,-0.010773908,-0.0047882483,-8.932768,15.764766538461538,24.897602846153845,101135.79923076923,0.99999676,-3.441252892307692e-05,0.0005660004569230769,-0.002504298776923077,0.08155643,0.10938089020000001,-14.7412092,0.000786406554,-0.008490656,-0.593376896,0.27657845000000003,-0.0338835768,0.47210606,5104.545410155876,5113.71406249962,5109.218945312101,5101.675781249555,"2,1,0.5,1,15",0
301,29486000,34.88400000000021,-0.00031564476375,0.0001528543,0.00018206416625,0.24823551249999998,1250.4,1250.7,1250.7,1250.7,0.0,0.0,0.0,0.0,0.0,0.0,0.0,0.0,0.0114515925,-0.0033289604,-0.00093210438,-0.0448912875,0.0005987024999999993,-8.796298,15.734790769230768,24.897413192307692,101136.14846153845,0.9999965538461539,-1.0330853576923076e-05,0.00048332223615384616,-0.002578064557692308,0.081592245,0.1084408057,-14.7658772,0.000556309314,-0.0084163385,-0.5461195609999999,0.27801223999999997,-0.033575282,0.472375954,5102.021826172022,5097.428613281363,5093.087255859503,5095.702929687715,"2,1,0.5,1,15",0
302,29536000,34.93400000000021,-0.00018456752784313726,7.730652980392157e-05,5.6279908039215686e-05,0.25087048039215687,1251.4,1251.6,1251.4,1251.4,0.0,0.0,0.0,0.0,0.0,0.0,0.0,0.0,0.005326322,-0.0053263237,-0.00053262064,0.04070143,0.051475503,-9.018958,15.795825769230769,24.897238769230768,101135.41769230769,0.99999664,0.0001492279323076923,0.00040823298,-0.0025723113846153845,0.0817362992,0.10761262,-14.7886452,0.00022170730799999999,-0.0082676978,-0.5016877799999999,0.27699996,-0.0352886468,0.471619188,5130.844212582026,5123.482190583633,5127.755730879674,5125.568796257973,"2,1,0.5,1,15",0
303,29586000,34.984000000000215,-0.00021740253020408162,-0.0001397520118367347,0.0004161597151020408,0.2513974842857143,1252.4,1253.1,1252.4,1252.4,0.0,0.0,0.0,0.0,0.0,0.0,0.0,0.0,-0.0057257963000000005,0.0027963207000000004,-0.0018642157,-0.053270988,-0.034117222,-9.002201,15.776865192307692,24.89707723076923,101135.63500000001,0.9999963958333333,0.00024678203583333334,0.00035562163708333333,-0.0026523992541666666,0.0820427122,0.1069522825,-14.8085632,-0.000269651847,-0.0080075723,-0.46149433,0.2787142138095238,-0.032181488095238096,0.4709892819047619,5135.438183593856,5136.0541015627,5126.960156250165,5130.070263672049,"2,1,0.5,1,15",0
304,29636000,35.03400000000022,-0.00010360810461538461,-7.612209230769206e-06,0.0002924933138461538,0.2530936969230769,1253.6,1254.2,1253.4,1253.2,0.0,0.0,0.0,0.0,0.0,0.0,0.0,0.0,-0.008522115,0.0007989403,0.0039947485,0.06105215,-0.04668678,-9.210493,15.813522307692308,24.89692523076923,101135.19846153847,0.9999963076923076,0.00016553802230769233,0.00041092910153846154,-0.002675600046153846,0.082712494,0.106545926,-14.8269314,7.83542679999999e-05,-0.007505710800000001,-0.423904088,0.27737512,-0.0327279424,0.47192295,5152.993359374804,5159.594238280984,5156.297167968577,5158.42451171845,"2,1,0.5,1,15",0
305,29686000,35.084000000000216,-0.000324333655,0.00060454282,0.000334003535,0.253138595,1255.1,1254.7,1254.4,1253.7,0.0,0.0,0.0,0.0,0.0,0.0,0.0,0.0,0.00199737585,-0.0058589513,0.0009321122299999999,0.0275333244,0.057461008,-9.152436000000002,15.86914,24.896784307692307,101134.53288461539,0.9999963958333333,7.614519016666667e-05,0.0003352542975,-0.0026493616125,0.083927329,0.106520541,-14.8429749,0.001685408288,-0.0066412453,-0.390218658,0.278067855,-0.033966385599999996,0.471285245,5160.807470703263,5151.957568359474,5157.8958496095165,5151.877734375112,"2,1,0.5,1,15",0
306,29736000,35.13400000000021,-7.372906846153847e-05,0.00014364929307692306,9.079263692307696e-05,0.2549403661538462,1255.8,1255.4,1255.2,1254.6,0.0,0.0,0.0,0.0,0.0,0.0,0.0,0.0,0.00026630933,0.007456849,-0.0055926433,-0.011971008,-0.014365048,-9.313444,15.872751538461538,24.896654153846153,101134.51,0.9999963076923076,4.879612792307692e-05,0.0002950008046153846,-0.0027004499076923078,0.08481208,0.10648373500000001,-14.8580718,0.00271175362,-0.0062452843,-0.35951718,0.2777019666666667,-0.03219791133333333,0.47227095666666663,5189.59765624987,5185.377441406192,5182.9934570311825,5179.140332031217,"2,1,0.5,1,15",0
307,29786000,35.18400000000022,0.0002884150425,-0.00038889620875,-0.0003232260875,0.25499586750000003,1255.3,1256.4,1255.7,1256.1,0.0,0.0,0.0,0.0,0.0,0.0,0.0,0.0,0.0014647368499999995,0.00792290725,0.0023968412250000002,0.032620998,-0.0107737475,-9.281122250000001,15.920062692307694,24.896531461538462,101133.9226923077,0.9999964041666667,-5.3102533125e-05,0.000475305925,-0.0026504825625,0.08520170499999999,0.1064297975,-14.8717488,0.00286703592,-0.00655208005,-0.33329163,0.277601098,-0.034014216900000005,0.472287438,5175.7416015625395,5177.06132812505,5178.438525390652,5183.907031250078,"2,1,0.5,1,15",0
308,29836000,35.23400000000022,0.00018190345307692306,-0.00021109150153846153,-1.8129426923076916e-05,0.2558704223076923,1255.4,1256.8,1256.2,1257.0,0.0,0.0,0.0,0.0,0.0,0.0,0.0,0.0,-0.0015979102,0.0045273686,-0.0037284272,0.051475346,0.043095797,-9.297882,16.01938,24.896418,101132.74,0.9999964846153846,-0.0001469225446153846,0.0006677483207692307,-0.0025724958153846155,0.085759396,0.106386575,-14.8846326,0.00293263724,-0.00657694688,-0.30799051,0.27893,-0.0358006792,0.470458588,5191.3440429687835,5200.604980468723,5198.204101562396,5200.469335937294,"1,1,5",0
309,29886000,35.28400000000022,-0.00037028338125,0.00018343119625,6.710908749999996e-06,0.255569445,1256.4,1256.3,1256.7,1257.0,0.0,0.0,0.0,0.0,0.0,0.0,0.0,0.0,0.0022636809500000002,0.00492685,-0.0026631650982755005,-0.021547816499999997,0.040701599000000005,-9.348759999999999,15.942634807692308,24.896311269230768,101133.65826923077,0.9999963027272727,-0.00016881494318181817,0.0006916204940909091,-0.0026171307681818186,0.086569186,0.10635942500000001,-14.8963266,0.00286371709,-0.0061789203300000005,-0.284076035,0.278266389,-0.0332287812,0.471719763,5190.662039620593,5192.988490513464,5186.459054129486,5185.1448800223625,"1,1,5",0
310,29936000,35.334000000000216,-0.00033102175041666666,-8.403932416666667e-05,-0.00017708065791666665,0.2567133658333333,1257.0,1256.2,1257.2,1257.2,0.0,0.0,0.0,0.0,0.0,0.0,0.0,0.0,0.00545948125,0.0018642175849999999,-0.00386158565,0.004788403499999996,0.034716095,-9.4517095,15.922229615384616,24.89621376923077,101133.88423076922,0.9999963514285715,-2.6681710571428572e-05,0.0007014317485714286,-0.0026384859142857143,0.087248988,0.105840442,-14.9072246,0.00256698898,-0.00627167908,-0.261888046,0.276329208,-0.032171623999999996,0.472937826,5212.072460937595,5209.5614257813395,5208.046289062587,5213.884765625033,"1,1,5",0
311,29986000,35.38400000000022,9.520961480769231e-05,3.811951576923077e-05,-0.0001697366448076923,0.2569591557692308,1257.0,1256.7,1257.7,1257.7,0.0,0.0,0.0,0.0,0.0,0.0,0.0,0.0,0.0034621098,-0.00199737135,0.00545948065,-0.0197521675,-0.00957664265,-9.41579875,15.991390576923076,24.89612019230769,101133.095,0.9999963090909091,1.8735246e-05,0.0006935667904545455,-0.0026455090863636366,0.087733808,0.1045837095,-14.9169286,0.0019285489300000002,-0.00710061578,-0.24228978599999998,0.27700241400000003,-0.035147391,0.472912075,5203.791210937474,5202.393310546844,5207.153027343808,5207.956933593781,"1,1,5",0
312,30036000,35.434000000000225,0.0001950963976923077,3.157370961538461e-05,-0.0005012750938461539,0.2578747307692308,1257.2,1257.4,1258.2,1258.2,0.0,0.0,0.0,0.0,0.0,0.0,0.0,0.0,0.0015979033,0.004527373,0.0042610583,-0.009576809,-0.06943169,-9.539699,15.980736538461537,24.896033692307693,101133.19646153846,0.9999965057142857,-2.9056885714285715e-05,0.0006434908428571428,-0.002588856985714286,0.08811365,0.1032916928,-14.9261311,0.00194049152,-0.00804542984,-0.223637784,0.2777571,-0.032587013,0.47249576,5212.13525390625,5216.59716796875,5224.23779296875,5223.140625,"1,1,5",0
313,30086000,35.48400000000022,0.0002079091775,-0.000138412281875,-0.000367716760225,0.25804876,1257.7,1258.4,1258.7,1258.7,0.0,0.0,0.0,0.0,0.0,0.0,0.0,0.0,0.010386335,-0.00565920885,-0.0029960485,0.01346738335,-0.0478838735,-9.515456749999998,16.022629576923077,24.895952961538462,101132.70576923077,0.9999965427272728,1.4894565636363638e-05,0.0006092839636363637,-0.00256099235,0.088336025,0.1019467498,-14.93458135,0.00292800807,-0.00916405994,-0.206405169,0.278244918,-0.0342088684,0.47198328900000003,5223.412158203241,5214.234277343736,5219.731884765619,5216.543115234344,"1,1,5",0
314,30136000,35.53400000000022,0.0002930472230769231,-0.00031344938230769227,-0.0002687281296,0.25893513692307696,1258.4,1259.4,1259.0,1259.2,0.0,0.0,0.0,0.0,0.0,0.0,0.0,0.0,0.00026631815000000003,-0.0017310526,0.0011984219000000002,0.008379708,0.001197265999999999,-9.5109665,16.05152246153846,24.895877000000002,101132.3723076923,0.9999965914285714,0.00014710579714285714,0.0005841163857142858,-0.0025698047714285714,0.08844373600000001,0.1007213392,-14.9423918,0.00344561906,-0.009572628199999999,-0.189299034,0.277264072,-0.0322388,0.471917018,5233.639550781305,5230.614941406383,5239.899902343824,5233.9761718750915,"1,1,5",0
315,30186000,35.58400000000022,-1.8034949999999996e-05,-0.00034972545624999997,-0.00022787577499999993,0.2592414975,1259.4,1260.4,1259.0,1259.7,0.0,0.0,0.0,0.0,0.0,0.0,0.0,0.0,0.002530005,0.0034621092,-0.00133157875,-0.028730422999999998,0.035314646500000005,-9.488221,16.046646384615382,24.895805653846153,101132.41961538461,0.9999965329411765,0.0002034860588235294,0.0006943799960784314,-0.0025216554039215683,0.088379451,0.09967522720000001,-14.94924255,0.00325837171,-0.008916103699999999,-0.17238261900000001,0.27730140999999997,-0.0335397008,0.473582843,5231.467724609412,5235.841162109399,5232.769970703091,5234.763720703048,"1,1,5",0
316,30236000,35.63400000000023,-0.0003412511576923077,-0.00017977616538461535,0.00030860470192307693,0.26036439846153847,1260.2,1261.0,1259.4,1260.2,0.0,0.0,0.0,0.0,0.0,0.0,0.0,0.0,0.002977899109090909,-0.002977901236363637,0.0008231503272727273,0.0008706170909090934,-0.03591286081818182,-9.440774545454545,16.05942529411765,24.895741529411765,101132.25529411765,0.9999963587755102,0.000291699476122449,0.0008067746357142857,-0.00255873513877551,0.0881649148,0.09851074,-14.9563198,0.0031230049,-0.0083853362,-0.1568633,0.276031786,-0.03167053025,0.47072323899999996,5248.785009765751,5250.10129394529,5244.457983398575,5247.245336914131,"1,1,5",0
317,30286000,35.684000000000225,-0.00033173018625000004,-1.5549578749999994e-05,-6.125500624999992e-06,0.260718155,1260.7,1261.0,1260.4,1260.7,0.0,0.0,0.0,0.0,0.0,0.0,0.0,0.0,-0.00213053335,-0.0037284227,-0.001464741725,-0.0047884031499999995,0.02873058685,-9.503185,16.060129056603774,24.895676773584906,101132.2558490566,0.9999963,0.00038835412624999997,0.0007308485091666667,-0.0025798569625,0.0877250018,0.09716869,-14.9637368,0.0030654589,-0.008043204200000001,-0.14343962500000002,0.27665955666666664,-0.03437556466666667,0.47072076,5251.922386532685,5248.404878162194,5249.81003534223,5247.330496651726,"1,1,5",0
318,30336000,35.73400000000022,-0.0002340624646153846,-0.00020441516769230769,0.00022698010923076923,0.2618780761538462,1261.0,1260.8,1261.0,1260.8,0.0,0.0,0.0,0.0,0.0,0.0,0.0,0.0,-0.00026631430000000024,0.0033289497,0.0007989482000000001,0.0263362225,1.6549999999962428e-07,-9.496603,16.059829846153846,24.895615461538462,101132.25692307691,0.9999962927272726,0.00041357390109090906,0.0007541072805454546,-0.0025950616199999998,0.0875882272,0.096135963,-14.971028,0.00288172564,-0.0072933012,-0.131465791,0.276129496,-0.034163857199999995,0.47274529200000004,5260.186914062553,5259.915722656326,5256.724218750032,5261.219824218786,"1,1,5",0
319,30386000,35.784000000000226,-2.979452249999995e-05,-1.6588152499999985e-05,0.00020253889999999997,0.26198034375,1261.0,1260.3,1261.0,1260.3,0.0,0.0,0.0,0.0,0.0,0.0,0.0,0.0,-0.004184966657142857,0.0004184913714285714,0.0030816598714285717,0.020863757857142857,0.04668709771428571,-9.655131142857142,16.06705330769231,24.89555796153846,101132.16076923077,0.9999962018181818,0.0004040736647272727,0.0007754661623636364,-0.00261401062,0.0879061602,0.09556722050000001,-14.9781305,0.00250871149,-0.005931741700000001,-0.12166671849999999,0.276036506,-0.03358623,0.47235177300000003,5256.434374999859,5257.047802734224,5252.924365234274,5262.494628906165,"1,1,5",0
320,30436000,35.83400000000023,0.0006217417592307693,9.664978692307697e-05,-1.589565769230769e-05,0.26136666153846155,1260.8,1260.0,1260.8,1260.0,0.0,0.0,0.0,0.0,0.0,0.0,0.0,0.0,-0.008788431,-0.011984229,0.0010652716,-0.051475346,0.033519,-9.70849,16.053328923076922,24.895502846153846,101132.31461538462,0.9999964076923077,0.00021618520846153845,0.0006380597892307692,-0.0025943800615384613,0.088290183,0.09474478800000001,-14.985312,0.00203745922,-0.0052416854,-0.1129122912,0.276698516,-0.0344152188,0.47144678,5256.722265624986,5250.511328125045,5260.615820312582,5254.540429687519,"1,1,5",0
321,30486000,35.88400000000023,0.00037516934,-0.00039070090275,0.0001381413175,0.261425575,1260.3,1260.0,1260.3,1260.0,0.0,0.0,0.0,0.0,0.0,0.0,0.0,0.0,-0.0094542265,-0.00106525442363225,-0.0039947375,0.0245405715,0.0436943525,-9.7162705,16.03816,24.8954515,101132.51000000001,0.9999965,-3.221125772727273e-05,0.0005525914136363637,-0.0025855130090909092,0.0887733405,0.09354182050000001,-14.992612000000001,0.00141884977,-0.0055588839,-0.1057248317,0.277126942,-0.034213591,0.470714513,5248.164746093662,5260.763574218711,5252.278417968611,5246.554638671708,"1,1,5",0
322,30536000,35.934000000000225,2.704119e-05,0.0002004948198461539,-1.27641969230769e-05,0.2610544,1260.0,1260.0,1260.0,1260.0,0.0,0.0,0.0,0.0,0.0,0.0,0.0,0.0,0.0041278966,-0.0019973737,0.00053263574427625,0.0281318745,0.01915378425,-9.53790075,16.064163076923077,24.895402923076922,101132.20969230769,0.9999965142857142,-0.00014698629785714286,0.0004900055371428572,-0.002605680628571429,0.089580388,0.09272253200000001,-14.999704600000001,0.0014265646799999998,-0.005891787799999999,-0.0975680628,0.277003856,-0.0341643452,0.472593924,5254.329492187548,5253.009277343764,5252.366015625066,5247.467285156306,"1,1,5",0
323,30586000,35.98400000000023,-0.00023731082125,0.00030810849250000006,-0.00013851403374999998,0.26117504375,1260.0,1260.0,1260.0,1260.0,0.0,0.0,0.0,0.0,0.0,0.0,0.0,0.0,0.00732368685,0.0074568572,-0.0011984229500000003,-0.0101753565,-0.023941851,-9.503784,16.092514076923077,24.895356538461538,101131.8673076923,0.9999965958333333,-2.563049004166667e-05,0.000486992395,-0.002582044525,0.09087327049999999,0.092478762,-15.0064861,0.0023737661299999997,-0.006248249799999999,-0.0879573298,0.277963965,-0.034655303400000004,0.471662429,5257.30517578125,5253.21875,5261.85791015625,5255.51708984375,"1,1,5",0
324,30636000,36.03400000000023,-0.0002540918403846154,7.390603384615385e-05,0.0001711177330769231,0.26071631538461537,1260.0,1260.0,1260.0,1260.2,0.0,0.0,0.0,0.0,0.0,0.0,0.0,0.0,0.0071905423,0.010652641,0.00026633663,-0.03351883,0.020350883,-9.605539,16.08619446153846,24.895313846153847,101131.94846153846,0.9999965,0.00011808625523076924,0.0005884874,-0.002613298684615385,0.09199431799999999,0.0923729308,-15.013284,0.0029903716,-0.00606117568,-0.078732968,0.27742177599999995,-0.034550586800000005,0.47113216799999996,5247.989062500008,5249.510058593734,5242.030078125047,5250.676171875085,"1,1,5",0
325,30686000,36.08400000000023,-0.00018597840062499997,0.00016702851825,6.078499374999999e-05,0.26108310125,1260.0,1260.0,1260.0,1260.7,0.0,0.0,0.0,0.0,0.0,0.0,0.0,0.0,-5.200000000038507e-09,-0.00346211475,0.00439421425,0.0233434658,-0.01616069725,-9.680356499999998,16.080416,24.895274846153846,101132.00307692308,0.9999965045454545,0.00024553000136363635,0.0005783206090909091,-0.0025887732818181816,0.09285761299999999,0.0924740078,-15.0201065,0.0031110831,-0.00505879738,-0.07008816300000001,0.276546206,-0.0351918154,0.472675452,5254.4993164062325,5247.542773437422,5251.289111328115,5250.358447265583,"1,1,5",0
326,30736000,36.13400000000023,-0.00017211433076923076,-8.686861876923078e-05,-0.00018083926538461537,0.26101662,1260.0,1259.8,1260.0,1260.8,0.0,0.0,0.0,0.0,0.0,0.0,0.0,0.0,-0.0018642175,0.0029294821,0.0066579,0.017956512,0.0478842,-9.534908,16.10064030769231,24.895238923076924,101131.75307692308,0.9999966,0.00018757579322857144,0.0005705485928571429,-0.002557677414285714,0.093379746,0.0927400962,-15.0264334,0.0031506502,-0.0037012972119999997,-0.06212675200000001,0.275717844,-0.034485581200000004,0.472374194,5251.519556948977,5250.572625411219,5253.052168996773,5251.076428865153,"1,1,5",0
327,30786000,36.18400000000023,-1.2156749999999534e-06,-0.00017190685175,-8.906534875e-05,0.26102005,1260.0,1259.3,1260.0,1260.3,0.0,0.0,0.0,0.0,0.0,0.0,0.0,0.0,-0.00652474305,0.0047936911499999995,0.0042610608999999995,-0.0083797066,0.0466871075,-9.639654,16.134768653846155,24.895205384615384,101131.35192307693,0.9999966041666667,-9.574332925e-06,0.0006806813354166666,-0.0025088410875000002,0.093390136,0.0932537017,-15.0320169,0.0030685007,-0.0018111142419999999,-0.055190432000000005,0.27466287100000003,-0.0346818125,0.472678902,5253.0344726562835,5257.753808593762,5257.828320312496,5258.905078125035,"1,1,5",0
328,30836000,36.234000000000236,-0.0004795197307692308,-0.00010632328876923077,5.498715076923074e-05,0.2608168,1260.0,1259.4,1260.2,1260.0,0.0,0.0,0.0,0.0,0.0,0.0,0.0,0.0,0.0071905376,-0.0042610522,0.0021305336,0.014365211,0.021547984,-9.623495,16.10389,24.895175307692305,101131.7076923077,0.99999671,-0.00010382879028571428,0.0007387212692857143,-0.00246739215,0.09344843,0.09376317599999999,-15.036753800000001,0.00280460294,-0.000296107368,-0.0474079252,0.27703069,-0.035515105,0.47151170000000003,5251.125292968841,5244.303710937487,5247.281250000015,5252.8051757812755,"1,1,5",0
329,30886000,36.28400000000023,0.00015872744875000005,-0.00025486138624999997,3.9876622499999975e-05,0.2612629575,1260.0,1260.4,1260.7,1260.0,0.0,0.0,0.0,0.0,0.0,0.0,0.0,0.0,-0.007989487,0.0005326376499999999,-0.0010652495499999999,-0.017357963,0.029927689349999998,-9.6480365,16.111113076923075,24.895147807692307,101131.61538461538,0.999996835,-0.00011599991885714286,0.0006609496353571429,-0.002458331525,0.09357858,0.0942664535,-15.0402208,0.0022680827899999997,0.0006561353620000003,-0.0383561382,0.2751994133333333,-0.0332824505,0.4728120533333333,5259.050341796879,5263.174023437614,5257.187939453176,5259.898339843805,"1,1,5",0
330,30936000,36.33400000000023,0.0006944423646153846,-0.00012956806076923076,0.00010411611384615388,0.26115911230769234,1260.4,1261.0,1261.0,1260.2,0.0,0.0,0.0,0.0,0.0,0.0,0.0,0.0,-0.008788435,-0.0023968415,0.000266304,-0.05746084,0.022745088,-9.552864,16.142894615384613,24.895122461538463,101131.24769230769,0.9999968184615384,-0.00044878478076923077,0.0006259534138461539,-0.0024311329076923075,0.09378551,0.095004077,-15.0428706,0.00192997604,0.0013858665800000002,-0.0298512582,0.275505012,-0.0331770264,0.471815472,5254.655664062546,5255.235937500001,5259.34189453125,5252.500976562556,"1,1,5",0
331,30986000,36.384000000000235,0.00018473427250000003,0.000129883235,0.0005700338375,0.26173560125,1261.4,1261.0,1261.0,1260.7,0.0,0.0,0.0,0.0,0.0,0.0,0.0,0.0,-0.0005326343499999998,0.0038615834999999998,0.00186421445,0.008978253000000002,0.014963927500000002,-9.5420915,16.149214807692307,24.895100807692305,101131.19846153846,0.9999967161538461,-0.0005745979192307692,0.0005592138853846155,-0.002435575380769231,0.09410761,0.09609321950000001,-15.0442946,0.00188948939,0.0017818305300000001,-0.0221667387,0.278198963,-0.0320004515,0.47195849700000003,5260.005371093724,5261.360058593734,5262.291455078163,5262.484130859498,"1,1,5",0
332,31036000,36.43400000000024,-1.6202351538461526e-05,-8.844614769230774e-05,0.0002951268153846154,0.2620638430769231,1262.0,1261.2,1261.2,1261.2,0.0,0.0,0.0,0.0,0.0,0.0,0.0,0.0,0.000532631,0.005592643,-0.0034621034,-0.029927524,-0.0011969316,-9.640253,16.138921923076925,24.89508253846154,101131.31153846154,0.9999968366666667,-0.0005545409583333333,0.0005846439583333333,-0.0024024044666666666,0.09428825199999999,0.09721216,-15.045842200000001,0.00179612794,0.00184377806,-0.015347744679999999,0.277323818,-0.0349320312,0.471950662,5263.12607421874,5262.037011718807,5261.539941406303,5267.212109375036,"1,1,5",0
333,31086000,36.484000000000236,0.00057070490875,-0.00020554460125000003,0.00024201067875000002,0.2625480075,1262.0,1261.7,1261.7,1261.7,0.0,0.0,0.0,0.0,0.0,0.0,0.0,0.0,-0.0078563325,-0.0094542215,-0.0047936835499999995,-0.015562310999999999,-0.023343302500000003,-9.6893365,16.163480384615386,24.89506442307692,101130.98807692308,0.9999967838461539,-0.0007021981692307692,0.0006367239803846155,-0.0023862784999999997,0.094256707,0.0983757975,-15.0475752,0.00162345429,0.0014047009600000001,-0.00982703888,0.27669168,-0.0337543396,0.47198299499999996,5273.182763672014,5276.4146484375315,5276.7597656250955,5265.093505859309,"1,1,5",0
334,31136000,36.53400000000023,2.656032307692325e-06,0.00012423596076923077,-0.00018338452461538459,0.26282145461538464,1262.1923076923076,1262.1923076923076,1262.0,1262.0,0.0,0.0,0.0,0.0,0.0,0.0,0.0,0.0,0.0090547495,0.0014647388499999994,-0.00053263107,-0.026336223,-0.013766490500000002,-9.6600065,16.127365,24.89505,101131.44,0.99999668,-0.0007616614374999999,0.0005508534391666666,-0.0023868734916666664,0.09390049346153846,0.09932944730769232,-15.049182692307692,0.0010436228249999999,0.0010848973653846154,-0.004854684111538461,0.27657749,-0.0346826182,0.47203017999999997,5272.000488281248,5271.58291015625,5273.728027343721,5272.751171875082,"1,1,5",0
335,31186000,36.58400000000024,-6.043964961538462e-05,4.7460873461538466e-05,-0.00011922411076923072,0.2631268326923077,1262.673076923077,1262.673076923077,1262.0,1262.0,0.0,0.0,0.0,0.0,0.0,0.0,0.0,0.0,0.0031957879,0.001398167675,-0.003861586375,-0.02094926425,0.00987625075,-9.637559374999999,16.190567884615387,24.895037499999997,101130.66115384616,0.9999968884615384,-0.0005786887673076923,0.0006326480238461539,-0.002331684323076923,0.09305727711538461,0.09996811557692308,-15.050601923076924,-0.00014694536250000017,0.0009440040288461538,-0.000704855890384614,0.277334421,-0.033153542,0.472607469,5274.675000000047,5279.839208984482,5274.936083984351,5280.822460937474,"1,1,5",0
336,31236000,36.63400000000024,0.00028385728333333335,0.00024535299,0.0002724043,0.2633178233333333,1263.0,1263.0,1262.1666666666667,1262.1666666666667,0.0,0.0,0.0,0.0,0.0,0.0,0.0,0.0,0.0029294682,-0.010652652,0.005059997,0.01316811,-0.05386937,-9.78989,16.158424307692307,24.895024076923075,101131.04538461538,0.9999968153846154,-0.0005100702107692308,0.0005740427692307692,-0.0024270190692307694,0.09223692233333333,0.10073459,-15.051931666666666,-0.0011935764416666666,0.0008888399833333334,0.0036007399166666666,0.27615197999999996,-0.03354,0.4729466766666667,5284.458105468759,5281.47568359371,5275.944921875064,5275.765136718816,"1,1,5",0
337,31286000,36.68400000000024,0.00022154586875,0.00013529296875,-0.00048040671125000004,0.26369683624999996,1263.0,1263.0,1262.6875,1262.6875,0.0,0.0,0.0,0.0,0.0,0.0,0.0,0.0,0.0034621087,-0.0049268497,0.0006657901,0.006584056499999998,0.033518995999999995,-9.697714,16.155535,24.895015038461537,101131.07115384616,0.999997,-0.00045608332,0.00036449596875,-0.002376912358333333,0.091465148375,0.1017726525,-15.05307125,-0.0019343411656249998,0.00101585068125,0.00823734184375,0.276427599,-0.0367692504,0.472630898,5287.543994140683,5281.166357421964,5285.144335937467,5283.843994140641,"1,1,5",0
338,31336000,36.734000000000236,0.00018051077692307692,-0.00012503195,-8.745279999999991e-06,0.2639368530769231,1263.0,1263.2,1263.2,1263.2,0.0,0.0,0.0,0.0,0.0,0.0,0.0,0.0,-0.0021305275,0.0031957948,-0.0002663192,0.009576809,1.6875559e-07,-9.668983,16.139644230769232,24.89500553846154,101131.29507692308,0.9999970116666667,-0.000466986005,0.00031225012749999995,-0.0023696658083333334,0.0907918912,0.10267303800000001,-15.053936400000001,-0.0027407754,0.00133739598,0.0126258676,0.275884886,-0.035030776,0.471170384,5284.620312499976,5286.982226562501,5284.465136718767,5288.141406250044,"1,1,5",0
339,31386000,36.78400000000024,0.00023741748750000002,-0.000149807385,3.6912048749999997e-05,0.2642827,1263.0,1263.7,1263.7,1263.7,0.0,0.0,0.0,0.0,0.0,0.0,0.0,0.0,-0.008122645099999999,-0.00585895275,-0.0015978938499999998,-0.0448912875,0.057461015000000004,-9.68454625,16.15950769230769,24.894996730769233,101131.0516923077,0.99999714,-0.0005536421576923077,0.00028506122346153847,-0.002349728130769231,0.0902664092,0.10336690800000001,-15.0543899,-0.0036457139,0.0019507431800000002,0.0166422791,0.276936831,-0.0347029612,0.470691441,5286.7802734375,5289.44091796875,5290.583984375,5289.9072265625,"1,1,5",0
340,31436000,36.834000000000245,0.00032977496923076923,0.00015772099000000006,-0.0001935429776923077,0.2645072307692308,1263.4,1264.0,1264.0,1264.0,0.0,0.0,0.0,0.0,0.0,0.0,0.0,0.0,0.0002663177,-0.0031957962,-0.0015978921,0.02633622,-0.04668677,-9.713276,16.175759615384617,24.894988846153847,101130.85784615386,0.99999714,-0.0006823905083333333,0.00020384412133333334,-0.002310306675,0.0896869,0.103978159,-15.0547989,-0.00405663782,0.0019312699,0.019549172,0.277487968,-0.0338196624,0.47204584800000005,5289.713574218791,5293.158984375014,5293.762695312499,5294.028027343772,"1,1,5",0
341,31486000,36.88400000000024,0.000187097108875,0.00047113016000000006,2.8154737499999833e-06,0.26465309000000004,1264.4,1264.0,1264.0,1264.0,0.0,0.0,0.0,0.0,0.0,0.0,0.0,0.0,-0.0009986857999999999,-0.00672448925,-0.004127888874999999,0.04339491075,-0.015562141125,-9.774329250000001,16.148131346153846,24.894981884615383,101131.17807692308,0.9999971538461538,-0.0006773940692307692,0.00010907889915384616,-0.002297401957692308,0.08902635,0.1044654815,-15.05514115,-0.00372653987,0.0009625658999999997,0.020791787,0.27709649999999997,-0.0341401951,0.471071475,5297.056347656305,5298.04321289066,5295.758544921838,5288.98540039057,"1,1,5",0
342,31536000,36.93400000000024,-0.0001094842110769231,7.990352923076923e-05,0.0003754327107692308,0.26471785923076924,1264.8,1264.0,1264.2,1264.2,0.0,0.0,0.0,0.0,0.0,0.0,0.0,0.0,-0.0021305312,0.0013315858,-0.0053263213,-0.0047884043,0.010774078,-9.70849,16.156257307692307,24.89497446153846,101131.07461538461,0.9999972507692307,-0.0006159186030769231,3.139022307692307e-05,-0.002305787,0.08825986400000001,0.104866836,-15.055811,-0.0036434586,0.000368218336,0.021999876800000002,0.277052162,-0.03540252,0.472131012,5296.9679687499665,5295.821582031265,5295.462695312482,5293.762402343775,"1,1,5",0
343,31586000,36.98400000000024,-0.000421604325,-8.088988737500001e-05,0.00018924133875000004,0.26486553125,1264.3,1264.0,1264.7,1264.7,0.0,0.0,0.0,0.0,0.0,0.0,0.0,0.0,0.0015313198299999995,-0.0032623666900000003,-0.005193168275,-0.01137245805,-0.02543822675,-9.7438025,16.14957596153846,24.894968076923078,101131.1726923077,0.9999971424999999,-0.0005527806245833333,9.760775916666667e-05,-0.0023286280416666668,0.087334474,0.1051392385,-15.056972250000001,-0.0039309023499999995,0.000335405426,0.0231561788,0.275862666,-0.0347656309,0.471932421,5300.544482421907,5301.894189453132,5294.749658203135,5296.177587890646,"1,1,5",0
344,31636000,37.03400000000025,-0.0005295125269230769,-0.00015058080492307693,-0.00039218322615384613,0.26494246153846157,1264.0,1264.2,1264.8,1264.8,0.0,0.0,0.0,0.0,0.0,0.0,0.0,0.0,0.0045273723,0.0010652638,0.0026631658,0.02274492,0.02513929,-9.750386,16.153006923076923,24.894961076923078,101131.12615384615,0.9999972184615384,-0.00043696029,9.104926538461538e-05,-0.002327450969230769,0.08623114,0.10543216899999999,-15.0586034,-0.00447258342,0.00036503508400000003,0.0237257656,0.278176776,-0.0340102016,0.471402808,5298.209472656203,5295.866992187477,5296.57402343747,5300.519140625047,"1,1,5",0
345,31686000,37.084000000000245,-0.000170069765,-0.00022622208,-6.267066099999998e-05,0.2647740125,1264.0,1264.7,1264.3,1264.3,0.0,0.0,0.0,0.0,0.0,0.0,0.0,0.0,-0.0037950058094513494,-0.0019307967250000004,0.00179763265,-0.01855506225,-0.01526286675,-9.75278225,16.143978653846155,24.894955115384615,101131.23192307692,0.99999744,-0.0003520081140909091,6.773823010454545e-05,-0.00228100355,0.08486089,0.1057558915,-15.0609394,-0.00539562047,0.000488328594,0.023415279599999998,0.27835586100000004,-0.0342358896,0.472337478,5293.989941406244,5293.8073242187465,5297.717578125041,5300.609472656208,"1,1,5",0
346,31736000,37.13400000000024,0.00015447786384615385,4.6065646923076916e-05,0.00017377552553846155,0.26456731538461536,1264.0,1264.6,1264.0,1263.8,0.0,0.0,0.0,0.0,0.0,0.0,0.0,0.0,-0.0018642127,-0.0005326334,-0.0026631611,0.0035913028,-0.0047882316,-9.874886,16.169982153846153,24.89494976923077,101130.91692307693,0.9999974196363637,-0.00043324433272727276,-1.3886827889090909e-05,-0.00226218334,0.083632394,0.106289177,-15.0634536,-0.00594174236,0.0005311044,0.0228987262,0.277486526,-0.032731881000000004,0.472633774,5292.228906249956,5295.877636718668,5294.927148437487,5296.982910156215,"1,1,5",0
347,31786000,37.184000000000246,0.00026826144375,0.00035134741875,0.00016239677387500003,0.2641584125,1264.0,1263.6,1264.0,1263.3,0.0,0.0,0.0,0.0,0.0,0.0,0.0,0.0,-0.00681769056,-0.00010651535999999981,-0.0006924308599999996,0.01316810978,-0.00239403,-9.8018628,16.188401000000002,24.894944,101130.68,0.999997293877551,-0.0005503339302040817,-0.00011056749681632654,-0.0022896593326530612,0.08261652900000001,0.107136807,-15.0662351,-0.00592249151,0.00045310365,0.0220730717,0.2768439580952381,-0.03334942176190476,0.4711914523809524,5289.3145228794265,5292.845121837796,5292.6932896205535,5285.933500744021,"1,1,5",0
348,31836000,37.23400000000025,7.67175769230766e-06,0.0004712737153846154,-0.0001802807326153846,0.2637753423076923,1263.8,1262.8,1263.8,1263.0,0.0,0.0,0.0,0.0,0.0,0.0,0.0,0.0,0.004127900299999999,0.0037284265500000004,-0.0018642173,0.022146365,0.01855523505,-9.721656500000002,16.174316,24.894938692307694,101130.84,0.99999722,-0.0005785788033333333,-0.00019247926583333333,-0.0022784159416666667,0.081765136,0.10784339999999999,-15.0687262,-0.00536506568,0.00040559787,0.0219173408,0.27778074,-0.033279117,0.47074366,5284.970703124961,5285.4822265624225,5287.648535156163,5284.934179687471,"1,1,5",0
349,31886000,37.28400000000025,-0.00041312179875,0.000182634452625,-0.0004283221125,0.26332686875,1263.3,1262.3,1263.3,1263.0,0.0,0.0,0.0,0.0,0.0,0.0,0.0,0.0,0.00545948125,0.0049268491,-0.000998681325,0.011971011,0.015861759,-9.654917999999999,16.1623975,24.89493430769231,101131.0066923077,0.9999974538461539,-0.00043496856576923077,-0.0001315887158076923,-0.002235841976923077,0.08116045100000001,0.1083384375,-15.070781700000001,-0.0040003773800000005,0.000403834545,0.0227664953,0.27728598,-0.0341470615,0.46981147,5281.582763671886,5276.979394531272,5278.395312499934,5283.949267578109,"1,1,5",0
350,31936000,37.334000000000245,-0.00010577295115384614,1.8844435076923075e-05,-3.2933500000000026e-05,0.2633380307692308,1263.0,1262.4,1263.0,1263.0,0.0,0.0,0.0,0.0,0.0,0.0,0.0,0.0,-0.0042610527,0.007190538,-0.0031957936,0.017956514,-0.035912853,-9.747993,16.158785384615385,24.89493123076923,101131.07476923076,0.9999975507692307,-0.00031417452076923076,-3.833288966923077e-05,-0.0021997289923076924,0.080737004,0.108754922,-15.072215,-0.00328605228,0.00031302182799999997,0.0249987332,0.27706298,-0.03403241,0.47130346,5281.335546875009,5279.503710937557,5282.746679687494,5283.99345703119,"1,1,5",0
351,31986000,37.38400000000025,-1.1021238749999996e-05,-0.00010716523999999996,0.00047581470125,0.2634971125,1263.0,1263.4,1263.0,1263.0,0.0,0.0,0.0,0.0,0.0,0.0,0.0,0.0,-0.00119842185,0.003795004475,0.0012650001725,-0.06135142125,-0.05117589742499999,-9.68933375,16.174134423076925,24.89492930769231,101130.88784615386,0.9999974336363636,-0.00037124070727272726,1.1889192468181818e-05,-0.0022440727409090908,0.08058541400000001,0.10905357700000001,-15.072715,-0.00354727198,8.863502299999996e-05,0.0293055962,0.277878745,-0.0334013735,0.47026460000000003,5280.355273437477,5282.713378906256,5280.974511718772,5279.139550781305,"1,1,5",0
352,32036000,37.43400000000025,-0.00024692755076923076,-0.00022675502846153844,0.00035629806615384614,0.2638494576923077,1263.2,1263.8,1263.0,1263.2,0.0,0.0,0.0,0.0,0.0,0.0,0.0,0.0,-0.00319578964,-0.000266308861163,0.00545948835,-0.024540571149999996,0.013168279300000002,-9.7515845,16.15192376923077,24.894928,101131.17415384615,0.9999973142857143,-0.00045885702285714284,9.6778918e-05,-0.002263131285714286,0.080594607,0.10967971,-15.072789,-0.0037089716,0.00034640589199999995,0.0327164472,0.2766107,-0.034955584,0.47082216,5279.95068359375,5289.6328125,5284.58544921875,5286.91162109375,"1,1,5",0
353,32086000,37.48400000000025,-0.0007901293875,0.00011681718125,0.00038750064749999995,0.26393088124999997,1263.7,1263.3,1263.0,1263.7,0.0,0.0,0.0,0.0,0.0,0.0,0.0,0.0,0.00272973485,-0.002862901225,-0.00392816395,-0.045190563249999996,-0.024241118,-9.80156375,16.144159653846152,24.89492853846154,101131.26076923076,0.9999974041666667,-0.00041467756166666664,3.884617771666667e-05,-0.002245952616666667,0.0808449745,0.11079706,-15.072224,-0.0037213910999999997,0.0013274132719999997,0.0347832802,0.277572175,-0.033874186,0.471807125,5291.394482421916,5286.718505859429,5286.263378906248,5285.620166015636,"1,1,5",0
354,32136000,37.53400000000025,-0.0004944541807692307,0.00019629064999999996,-0.00011696169000000001,0.2641866576923077,1264.0,1263.4,1263.2,1264.0,0.0,0.0,0.0,0.0,0.0,0.0,0.0,0.0,-0.0013315833999999998,-0.00106526732,-0.00492684985,0.039504331000000004,-0.02094909265,-9.836579,16.188400769230768,24.89493,101130.70307692308,0.9999974846153846,-0.0003618825138461539,1.4215294923076925e-06,-0.0022521677846153846,0.081160912,0.11226956,-15.071534,-0.0032930530199999997,0.00221793556,0.0370522914,0.27879867,-0.0343602,0.47114182,5291.16796875,5287.736328125,5285.20263671875,5290.0302734375,"1,1,5",0
355,32186000,37.58400000000025,3.2207074999999916e-06,0.00018066130374999996,-0.00022665545500000006,0.26448711874999997,1264.0,1264.4,1263.7,1264.0,0.0,0.0,0.0,0.0,0.0,0.0,0.0,0.0,-0.000599209075,0.00213053265,-0.0036618462749999996,-0.040102878,-0.03531430925,-9.730635,16.152284615384616,24.89493076923077,101131.14153846154,0.9999973,-0.00038878114681818184,-1.4319078772727273e-05,-0.0022737100045454543,0.0815752045,0.114274785,-15.0706565,-0.0022035785699999998,0.00297273021,0.0396245699,0.276189,-0.034606414,0.47322001,5293.29931640625,5285.7578125,5295.4296875,5289.4482421875,"1,1,5",0
356,32236000,37.634000000000256,0.00022162229692307693,-0.0003982207592307692,1.6822443076923075e-05,0.2648810846153846,1264.2,1265.0,1264.2,1264.2,0.0,0.0,0.0,0.0,0.0,0.0,0.0,0.0,-0.0057258051,0.01065264605,-0.00419446475,-0.033818099750000004,0.0032921950000000004,-9.685743375000001,16.195623230769232,24.894934307692306,101130.59169230769,0.9999972771428571,-0.0004498137228571429,0.00014338822857142857,-0.002295610528571429,0.08214647,0.11601857,-15.0697259,-0.0016685664,0.0035873208,0.0421687602,0.2776404778260869,-0.03406087043478261,0.47412272173913045,5294.032575334817,5301.666294642894,5292.583007812501,5297.998814174102,"1,1,5",0
357,32286000,37.68400000000025,0.00010705922,-6.118606799999999e-05,-0.000149916025,0.26535933875,1264.7,1265.0,1264.7,1264.7,0.0,0.0,0.0,0.0,0.0,0.0,0.0,0.0,-0.003129214325,-0.0007323739249999999,-0.0024634229,-0.053271,-0.037409237,-9.70310125,16.185331076923077,24.894936461538464,101130.74223076923,0.9999971341666666,-0.0005891635866666667,0.00028049419083333335,-0.0023096765166666666,0.08295319500000001,0.117370195,-15.06871565,-0.0019652476500000003,0.0039916053,0.0446708182,0.276686683,-0.0327770152,0.472566507,5300.409667968836,5304.806835937505,5298.216503906236,5303.9085449218965,"1,1,5",0
358,32336000,37.73400000000025,-0.00023584043,0.0002617370243076923,2.8551038461538457e-05,0.2657029276923077,1265.0,1265.0,1265.0,1265.0,0.0,0.0,0.0,0.0,0.0,0.0,0.0,0.0,-0.0037284347,-0.007989482,-0.001331573,-0.0011971008,0.0071827755,-9.743204,16.192733923076926,24.894940076923074,101130.62384615385,0.9999970116666667,-0.0006535477499999999,0.00019610110541666667,-0.0023609009583333332,0.083875952,0.118736066,-15.0677786,-0.00158195468,0.0046941352,0.045632952,0.277959656,-0.034830354800000005,0.472748654,5312.226953125036,5304.332617187416,5307.704589843832,5299.370898437531,"1,1,5",0
359,32386000,37.784000000000255,-0.00013764560375,0.00032600582125,-0.000255112765,0.265754985,1265.0,1265.0,1265.0,1265.0,0.0,0.0,0.0,0.0,0.0,0.0,0.0,0.0,-0.00399474485,0.008921593,0.0033289471999999997,0.00359130255,0.010175530500000002,-9.7713375,16.134227884615385,24.894941076923075,101131.36346153847,0.9999971123076923,-0.0007316627992307692,6.051216557692308e-05,-0.0023135041,0.084972757,0.120123306,-15.06695135,-0.00017870037999999974,0.0058440332,0.0442851995,0.277029878,-0.0331623458,0.472521917,5308.023046874945,5299.6118164063,5310.811035156195,5313.03139648444,"1,1,5",0
360,32436000,37.83400000000026,-4.628848307692304e-05,-0.00026846122923076924,-4.176551538461537e-06,0.2656935369230769,1265.0,1265.2,1265.0,1265.0,0.0,0.0,0.0,0.0,0.0,0.0,0.0,0.0,-0.017576858,0.0098537095,-0.0018642325,-0.037110135,0.009576978,-9.765951,16.1884,24.894943,101130.7,0.9999968815384616,-0.0009282350938461538,0.00022113921384615386,-0.0023120853846153844,0.086167589,0.121339526,-15.0665588,0.00111147646,0.0066141835599999995,0.0431530444,0.276518546,-0.034133523,0.47040835599999997,5305.323339843747,5312.88046875004,5308.973535156259,5302.053613281271,"1,1,5",0
361,32486000,37.884000000000256,-0.000297685884625,-0.000445666875,0.00013305385874999999,0.265712475,1265.0,1265.7,1265.0,1265.0,0.0,0.0,0.0,0.0,0.0,0.0,0.0,0.0,0.001331577425,0.0075234306,0.0037950089,-0.0011971037499999976,0.008679153375,-9.84376175,16.170342307692305,24.894944923076924,101130.91153846154,0.9999966616666667,-0.00112027985,0.00044739889166666666,-0.002308268966666667,0.0875094615,0.122299216,-15.0668183,0.00223203711,0.00681471246,0.0423442854,0.276591922,-0.0356124786,0.471499352,5304.586083984367,5307.928710937447,5308.38989257815,5313.540576171947,"1,1,5",0
362,32536000,37.93400000000025,6.8989506e-05,-1.1880961538461565e-05,0.0002083390476923077,0.26581688076923077,1265.0,1266.0,1265.0,1265.0,0.0,0.0,0.0,0.0,0.0,0.0,0.0,0.0,-0.006125268,-0.0045273774,-0.006657904,-0.019153617,-0.019153446,-9.856929,16.143616923076923,24.894946846153843,101131.23938461539,0.9999966969230769,-0.0011100871384615383,0.0006209357630769231,-0.0022541087692307693,0.08870172,0.12331644,-15.0670982,0.00278448484,0.00682903524,0.0413486914,0.278355636,-0.034993802600000005,0.469852396,5306.39013671875,5309.244140625,5309.7265625,5309.322265625,"1,1,5",0
363,32586000,37.98400000000026,0.00016260289725,0.00031014848125,0.00027543168125,0.26572257624999995,1265.0,1266.0,1265.0,1265.0,0.0,0.0,0.0,0.0,0.0,0.0,0.0,0.0,0.00079894752,0.0014647395,-0.0005326322,0.0347159285,0.034716097,-9.7647515,16.174676153846157,24.894947,101130.87146153847,0.999996655,-0.0011296746416666666,0.0005220205308333333,-0.0022800674291666664,0.0896695575,0.12441996500000001,-15.067408700000001,0.0024847631899999998,0.0065640488399999995,0.0400728449,0.27719833,-0.0349016698,0.471243172,5307.156298828085,5308.718408203132,5309.082763671799,5306.2265136718925,"1,1,5",0
364,32636000,38.03400000000026,-0.0001230929609230769,0.00021779362307692315,0.00014063554615384614,0.2655206892307692,1265.0,1265.6,1265.0,1265.2,0.0,0.0,0.0,0.0,0.0,0.0,0.0,0.0,0.009587379,-0.0015978939,0.0013315899,0.031124622,0.02394219,-9.813835,16.202846153846156,24.894948692307693,101130.53569230769,0.9999965616666667,-0.001094507925,0.0005518246558333334,-0.0023279944833333333,0.090749236,0.125487438,-15.067067600000001,0.00266034756,0.006206802599999999,0.039138073999999995,0.277155364,-0.0340898932,0.472291332,5306.423046875037,5306.3613281249645,5304.606152343755,5305.199316406249,"1,1,5",0
365,32686000,38.08400000000026,-0.00038146183875,0.000456055693125,-0.00039627454,0.26548940249999997,1265.0,1264.6,1265.0,1265.7,0.0,0.0,0.0,0.0,0.0,0.0,0.0,0.0,0.0013981644400000003,0.004061325725,-0.0027297337749999998,0.0631470735,0.00987625575,-9.84585625,16.188220230769232,24.894949,101130.71176923077,0.9999968046153846,-0.0009238386423076923,0.000481068465,-0.0023099425115384615,0.091996676,0.126500833,-15.065749100000001,0.0035488909600000004,0.0057111665999999995,0.038714916499999995,0.276871141,-0.0341206451,0.47400163500000003,5308.003613281234,5304.038330078217,5305.032324218751,5305.078662109375,"1,1,5",0
366,32736000,38.134000000000256,-1.7930461538461949e-07,-7.361422153846153e-05,-0.00042142258576923083,0.26547849384615385,1265.0,1264.2,1265.0,1266.0,0.0,0.0,0.0,0.0,0.0,0.0,0.0,0.0,0.008788419,0.0098537095,-0.00053262507,0.019153617,-0.029927352,-9.799467,16.122309076923077,24.89494746153846,101131.52292307692,0.9999968292307693,-0.0009123140423076923,0.0005646845692307693,-0.0023094987153846154,0.093189959,0.12740583,-15.064209400000001,0.00398288868,0.0053506637,0.0382757126,0.277381124,-0.0329135012,0.470737328,5304.706933593726,5302.842675781274,5306.05087890624,5311.152148437514,"1,1,5",0
367,32786000,38.18400000000026,0.00022453438275,-0.00023484266874999998,-6.0161025625e-05,0.26562270750000005,1265.0,1264.7,1265.0,1266.0,0.0,0.0,0.0,0.0,0.0,0.0,0.0,0.0,-0.0025300044,-0.0025300074,-0.004327633125,-0.012569560825000001,-0.011073014675,-9.784803,16.154864285714286,24.894947,101131.11892857144,0.9999967041666666,-0.0009263796245833333,0.0007107635554166666,-0.0022887034333333336,0.09430200650000001,0.12814823,-15.062337900000001,0.00373506788,0.00519286045,0.0378124391,0.2775502,-0.0347908255,0.470669795,5307.991185238573,5310.794973273079,5309.335089432617,5301.532766241724,"1,1,5",0
368,32836000,38.234000000000265,-0.0001953350206153846,-0.00021153505384615383,-0.00026254976615384615,0.26588816230769236,1265.2,1265.2,1265.0,1265.8,0.0,0.0,0.0,0.0,0.0,0.0,0.0,0.0,0.0093210635,0.000399473865,-0.0018642171499999999,0.024540567,-0.0053867815,-9.855732499999998,16.190566923076926,24.89494576923077,101130.65692307692,0.9999968,-0.0009141851338461539,0.0007124756046153846,-0.002302839630769231,0.09535123,0.12886124,-15.0607954,0.00386984592,0.0050514344,0.0369212886,0.276987804,-0.0345974102,0.470236308,5310.480859375058,5310.616894531251,5307.387597656224,5312.540527343707,"1,1,5",0
369,32886000,38.28400000000026,-0.0003019284,-6.966382250000002e-05,-0.0001507674625,0.2659382075,1265.7,1265.7,1265.0,1265.3,0.0,0.0,0.0,0.0,0.0,0.0,0.0,0.0,-0.0009321061999999999,-0.00039947318161915,0.00133158098,-0.0053869543999999995,-0.048482417,-9.8736905,16.189664615384615,24.894945,101130.69923076923,0.9999967941666666,-0.0008140159516666667,0.0007455420708333333,-0.0022945462125,0.0963062175,0.129530165,-15.0597464,0.00457852222,0.00493457415,0.035388322599999994,0.278776975,-0.0337603138,0.471742738,5309.119482421891,5306.46044921874,5311.070947265669,5308.823046874928,"1,1,5",0
370,32936000,38.33400000000026,-0.00012095192153846154,6.52884669230769e-05,0.00034018605384615385,0.2660202046153846,1265.8,1265.8,1265.0,1265.2,0.0,0.0,0.0,0.0,0.0,0.0,0.0,0.0,-0.0006657886,-0.0022636889700000003,0.001198425,-0.0167594125,-0.026336049,-9.88087225,16.201402,24.894942846153846,101130.55461538461,0.99999666,-0.0008501623784615385,0.0007444526230769231,-0.0023251562769230766,0.097349178,0.129905458,-15.0591656,0.0049368801999999995,0.0044067812,0.0338404598,0.276512982,-0.035502899,0.472223596,5313.114453124914,5312.172558593672,5312.87216796879,5307.033984375007,"1,1,5",0
371,32986000,38.38400000000026,-0.00016351210999999998,-0.00027176748375000003,0.00011375840750000004,0.26590671125,1265.3,1265.3,1265.0,1265.7,0.0,0.0,0.0,0.0,0.0,0.0,0.0,0.0,0.0013315795700000002,0.0058589548,-0.000798954335,0.005386953350000001,-0.005386784499999998,-9.752182000000001,16.195443,24.894940499999997,101130.6,0.9999966658333334,-0.0008883860554166667,0.00077034914,-0.0023042946708333335,0.098524098,0.129840303,-15.0592871,0.004769760699999999,0.0032625892,0.0322702518,0.27613433200000004,-0.0348540652,0.472376892,5309.46728515625,5311.82080078125,5310.38037109375,5307.671875,"1,1,5",0
372,33036000,38.43400000000027,-0.00044007744615384616,-0.00022704001692307695,-0.00030060528384615384,0.2658235876923077,1264.8,1264.8,1265.2,1265.8,0.0,0.0,0.0,0.0,0.0,0.0,0.0,0.0,-0.0007989526,0.0023968427,0.006125272,-0.008379708,0.01077408,-9.821015,16.172148615384614,24.894938153846155,101130.89923076924,0.999996825,-0.0007863976466666667,0.0008271456591666667,-0.002249816008333333,0.0995532312,0.129861788,-15.059944699999999,0.00468556836,0.001896060506,0.0300775324,0.277756756,-0.0340862086,0.470611246,5305.1218750000135,5306.237597656237,5311.159277343712,5315.14042968747,"1,1,5",0
373,33086000,38.484000000000265,-4.444299875e-05,0.00021147642249999998,-0.00037304881875000005,0.26547628125,1264.3,1264.3,1265.7,1265.3,0.0,0.0,0.0,0.0,0.0,0.0,0.0,0.0,0.00013315709999999967,-0.00213052765,-0.00133158415,0.042497089,-0.0550664685,-9.81922,16.181538076923076,24.89493430769231,101130.78634615385,0.99999712,-0.00070457905125,0.00074583875625,-0.0021944246125,0.1003636842,0.130013233,-15.06140645,0.00472576676,0.0001960267709999997,0.026951045899999998,0.27584806,-0.034954428999999995,0.471611489,5305.465425037194,5306.2944103423115,5306.812430245501,5307.031482514842,"1,1,5",0
374,33136000,38.53400000000026,0.00013119189307692308,0.00010353199461538457,-0.0003039268153846154,0.2650649884615385,1263.8,1263.8,1265.6,1264.8,0.0,0.0,0.0,0.0,0.0,0.0,0.0,0.0,0.0055926405,-0.005858951,-0.0021305378,-0.034715924,0.0059856777,-9.925163,16.183343846153846,24.89493046153846,101130.74692307692,0.99999726,-0.0006376267714285715,0.0006753186328571428,-0.002173828342857143,0.1009383848,0.129956792,-15.0634642,0.0046135127,-0.000761599968,0.0236273222,0.276537132,-0.0356356778,0.471796438,5302.620214843733,5298.428320312542,5307.452929687464,5301.565429687413,"1,1,5",0
375,33186000,38.584000000000266,-0.00014478019999999997,-9.06865951125e-05,0.00013050208000000006,0.26450312125,1263.3,1263.3,1264.6,1264.3,0.0,0.0,0.0,0.0,0.0,0.0,0.0,0.0,0.005706774814285714,0.003271889657142857,-0.005630679342857143,0.015391295,0.030269722285714284,-9.740125571428571,16.17973230769231,24.894926615384616,101130.80326923078,0.999997255,-0.0005396233058333333,0.0006819474841666666,-0.0022175558916666667,0.10115945679999999,0.12958852199999998,-15.06641595,0.00427257995,-0.000605616213,0.0200077427,0.2758892141666666,-0.034581294,0.47160439583333336,5301.468647203959,5298.90419407889,5293.543559827235,5294.234863281237,"1,1,5",0
376,33236000,38.63400000000027,-0.0002796749288461538,0.0001671484682769231,-0.00033902705076923077,0.2638671092307692,1262.8,1263.0,1263.6,1263.6,0.0,0.0,0.0,0.0,0.0,0.0,0.0,0.0,0.0018642124500000004,0.0059921174,0.0009320989,0.032321725,0.011372631849999999,-9.855732,16.19779,24.894922769230767,101130.58884615384,0.99999714,-0.00037691053916666666,0.0007592823608333333,-0.0022454380333333337,0.101193592,0.129437322,-15.0695536,0.0042895933,-0.000462540554,0.017566202,0.2751851533333333,-0.03418247,0.47250496666666664,5289.151367187466,5287.911425781184,5283.9239257812305,5292.19257812497,"1,1,5",0
377,33286000,38.68400000000027,0.000113367749375,0.00021708294500000002,9.289460000000004e-06,0.26325285625,1262.3,1263.0,1262.6,1262.6,0.0,0.0,0.0,0.0,0.0,0.0,0.0,0.0,-0.0065247477500000005,-0.0037284222000000004,0.000266322525,0.014365214000000001,-0.0430954635,-9.801264499999998,16.166911346153846,24.894919192307693,101130.9353846154,0.9999971142857143,-0.0004311663464285714,0.0008144586357142857,-0.002245294146428571,0.10094732199999999,0.129611727,-15.072970100000001,0.0048435258,-0.00033882703899999994,0.0168917195,0.277557086,-0.033592447,0.470713341,5284.392187499957,5282.643554687491,5286.154638671876,5283.389746093727,"1,1,5",0
378,33336000,38.734000000000265,0.00029608860923076926,-0.00017198131076923075,4.772788692307688e-05,0.2626477653846154,1262.2,1262.8,1262.2,1262.2,0.0,0.0,0.0,0.0,0.0,0.0,0.0,0.0,-0.010120007,0.0058589624,-8.172239e-09,-0.0035913014,0.0059856735,-9.714474,16.184788461538464,24.894916538461537,101130.73615384616,0.9999969,-0.00061379815,0.0008653881,-0.0022622787,0.10068571,0.129594344,-15.076058,0.00475186628,-0.00014755348599999998,0.0177367912,0.27675772,-0.03605862,0.47155866,5271.067968749888,5281.707226562482,5275.301074218742,5273.360742187568,"1,1,5",0
379,33386000,38.78400000000027,0.00021598286125000006,-6.356576125000001e-05,-0.00043152635,0.26295218875,1262.7,1262.3,1262.7,1262.7,0.0,0.0,0.0,0.0,0.0,0.0,0.0,0.0,-0.00053263097,-0.00412790035,-0.0002663170560654,0.031723177500000005,0.0107740784,-9.701306,16.152284615384616,24.894915384615384,101131.15346153846,0.9999968230769231,-0.0007129039173076922,0.0009203881223076924,-0.0022221255,0.100401085,0.129289279,-15.078653,0.00369181873,0.00014506012400000002,0.0208611942,0.27555761199999995,-0.034157595,0.471832129,5270.003613281265,5273.630664062461,5275.867480468722,5275.535107421853,"1,1,5",0
380,33436000,38.83400000000027,-0.00022040795846153848,-4.4824418461538454e-05,-0.00011544817692307692,0.2629712969230769,1263.0,1262.2,1262.8,1263.0,0.0,0.0,0.0,0.0,0.0,0.0,0.0,0.0,0.004793687,-0.008522121,-0.0031957885,-0.044292733,0.033519,-9.613918,16.196345384615388,24.894917153846155,101130.60307692307,0.9999970107692308,-0.0006433976307692308,0.0008285109207692308,-0.0021953997230769228,0.099862793,0.128949888,-15.080735599999999,0.0021821679200000003,0.000503797232,0.0242298934,0.27617735,-0.0340682166,0.472535066,5274.674804687514,5270.343554687515,5273.456249999968,5272.345410156173,"1,1,5",0
381,33486000,38.88400000000027,-0.00015679946250000002,-0.0002819843525,0.000273993825,0.26277681125,1263.0,1262.7,1262.3,1263.0,0.0,0.0,0.0,0.0,0.0,0.0,0.0,0.0,-0.0009320975749999999,-0.00466053435,-0.003062636325000001,0.028431145250000005,0.024241463249999998,-9.643248250000001,16.19110876923077,24.894918461538463,101130.69711538461,0.9999971449999999,-0.0005712425808333334,0.0006594524729166667,-0.0022370818916666664,0.0989440005,0.128559008,-15.0820496,-1.8877800000002484e-06,0.000961719587,0.0279650369,0.277835311,-0.034027428400000004,0.472502154,5272.738085937479,5276.555273437515,5270.972265624996,5271.0361328125155,"1,1,5",0
382,33536000,38.93400000000027,-0.0004634346076923077,0.00011081006384615385,0.0002400673846153846,0.26298608,1263.0,1262.6,1262.4,1262.8,0.0,0.0,0.0,0.0,0.0,0.0,0.0,0.0,-0.0018642091,-0.0005326299,-0.0042610606,-0.01436521,0.033519,-9.702503,16.20898676923077,24.89492230769231,101130.4776923077,0.99999726,-0.0004643417616666667,0.0005115433666666666,-0.002264251033333333,0.09802549891304348,0.12840371913043477,-15.083314521739132,-0.0012061355130434782,0.0015549107608695653,0.031222409304347828,0.27706596,-0.0337120516,0.471086786,5274.472656249968,5272.504101562536,5269.360546874985,5278.000781250016,"1,1,5",0
383,33586000,38.98400000000027,-0.00040832839750000005,0.0007367039937499999,-9.568056250000003e-05,0.262928705,1263.0,1261.6,1263.4,1262.3,0.0,0.0,0.0,0.0,0.0,0.0,0.0,0.0,-0.005792392299999999,-0.01211738225,0.0063249981499999995,0.00927753375,-0.041299815000000004,-9.66629225,16.173774230769233,24.89492630769231,101130.87692307692,0.9999972775,-0.00046153616249999997,0.000328796683125,-0.0022784487500000002,0.09710743369565218,0.12860181695652173,-15.084505826086957,-0.0009406712956521739,0.0023510051630434782,0.03376312506521739,0.277785228,-0.0330829635,0.470636275,5277.180517578091,5266.371679687414,5278.24033203136,5275.544189453143,"1,1,5",0
384,33636000,39.034000000000276,6.906670923076924e-05,0.00040955259999999997,-0.00044510418846153846,0.26307983384615385,1263.0,1261.4,1263.6,1262.2,0.0,0.0,0.0,0.0,0.0,0.0,0.0,0.0,-0.0126500145,0.004660530249999999,-0.00146475885,0.0107739097,0.02094943665,-9.797672,16.16023,24.894934,101131.05,0.9999973628571429,-0.0006181724714285714,0.0001364926957142857,-0.0021989251142857146,0.09652338407407408,0.12886625370370372,-15.085784703703704,-0.00010289469259259262,0.003192005962962963,0.03698086888888889,0.2787392,-0.03465009,0.471816888,5277.529589843701,5272.836718750109,5283.703222656179,5272.047265625021,"1,1,5",0
385,33686000,39.08400000000027,6.728229875000002e-05,-0.00050364289875,8.768768124999999e-05,0.2632477875,1263.0,1262.4,1262.6,1262.7,0.0,0.0,0.0,0.0,0.0,0.0,0.0,0.0,-0.01025316875,0.006724481625000001,-0.0029960621000000003,0.029628251499999998,0.008379876,-9.67407175,16.137657884615386,24.894942653846154,101131.3,0.99999714,-0.0008675798981818183,0.0002975134718181818,-0.0022023105500000003,0.09620177527777778,0.1291828138888889,-15.08713238888889,0.0011845559277777777,0.004068290361111111,0.04073056333333333,0.277259178,-0.0362474545,0.472123761,5274.5491699219065,5283.330273437543,5279.825048828173,5277.388476562489,"1,1,5",0
386,33736000,39.13400000000027,-0.00017530642384615386,0.00027658065076923083,0.00021407726923076926,0.2634458538461538,1263.0,1263.2,1262.2,1263.0,0.0,0.0,0.0,0.0,0.0,0.0,0.0,0.0,0.002130528,0.00026631847,-0.0018642142,0.031124622,-0.03351866,-9.756374,16.171426692307694,24.89495223076923,101130.8853846154,0.99999714,-0.00093991206,0.0004479547307692308,-0.0021956138692307693,0.095985577,0.129571924,-15.0884213,0.0021779110399999997,0.00442296704,0.0444644374,0.277506336,-0.0342263896,0.471340702,5280.155664062523,5281.321582031177,5280.52207031252,5283.715917968732,"1,1,5",0
387,33786000,39.184000000000275,6.584393375e-05,0.000497051715,-5.0894455e-05,0.2635411875,1263.0,1263.7,1262.7,1263.0,0.0,0.0,0.0,0.0,0.0,0.0,0.0,0.0,-0.0015978988,0.0017310537499999998,-0.00026631669999999975,0.0113724578,-0.056862125,-9.6671895,16.15770203846154,24.894962730769233,101131.04461538463,0.9999971123076923,-0.0008845589338461539,0.0004658707576923077,-0.002202644046153846,0.0959274945,0.130069859,-15.089622050000001,0.0027301228899999997,0.00399523214,0.0481745809,0.276923266,-0.034070282800000004,0.47171293599999997,5282.572070312474,5277.480761718803,5282.762548828114,5278.88051757817,"1,1,5",0
388,33836000,39.23400000000028,9.252538576923075e-05,-0.0002641407946153846,0.0001214310353846154,0.26399460384615386,1263.4,1264.0,1263.0,1263.0,0.0,0.0,0.0,0.0,0.0,0.0,0.0,0.0,0.0034621106,0.0031957868,-0.0034621153,0.05985505,-0.029927356,-9.659407,16.20718,24.894975846153844,101130.48192307692,0.9999968916666666,-0.0009754418958333334,0.00060140977,-0.002203867225,0.095732243,0.13065928599999999,-15.0901256,0.0026846008,0.00346334798,0.0517849432,0.276201242,-0.0336770696,0.470956722,5283.0696289063,5289.570800781243,5284.042089843728,5284.642480468766,"1,1,5",0
389,33886000,39.284000000000276,-0.000116515543125,-0.00026090813125,0.00023994878625000006,0.26421666625,1264.4,1264.0,1263.0,1263.0,0.0,0.0,0.0,0.0,0.0,0.0,0.0,0.0,0.0071905288,0.0047936904,-0.00545948875,-0.02334347055,0.0215479839,-9.652224499999999,16.18244176923077,24.894990115384616,101130.79903846154,0.9999967875,-0.0008952041025,0.0006889920675,-0.0022611422499999997,0.095331238,0.131385951,-15.08958335,0.0017424778,0.00277523993,0.055245633700000005,0.277639312,-0.0347353585,0.471888816,5288.922949218789,5294.131250000032,5281.151806640604,5289.2367675781625,"1,1,5",0
390,33936000,39.33400000000027,-0.00016608164923076927,0.0003221307153846154,0.0004169289723076923,0.26432106,1264.8,1264.2,1263.0,1263.0,0.0,0.0,0.0,0.0,0.0,0.0,0.0,0.0,0.0013315738,-0.0045273784,0.0026631595,0.025139123,-0.0011969296,-9.841368,16.174316,24.895003,101130.9,0.9999967399999999,-0.0007700585792307691,0.0006763250661538462,-0.0023263301230769234,0.09498057086956523,0.13200992391304348,-15.089096913043477,0.0007054439565217392,0.0021227422739130432,0.05744074626086956,0.27698074,-0.034885012,0.47255163,5293.575195312456,5293.178027343731,5287.664257812569,5290.759375000033,"1,1,5",0
391,33986000,39.38400000000028,0.00024448245,0.00021018080000000003,0.00025147198750000003,0.26435366,1264.3,1264.7,1263.0,1263.0,0.0,0.0,0.0,0.0,0.0,0.0,0.0,0.0,0.0071905317,-0.00639159215,-0.00013316010000000004,1.5000000026799132e-10,-0.02813170055,-9.7324305,16.14686757692308,24.89501696153846,101131.22153846154,0.99999696,-0.00071099385125,0.00052710912,-0.0023143869624999997,0.09470541054347827,0.13247985869565218,-15.088694195652174,-0.000473956152173913,0.0015236602086956522,0.057737491913043476,0.27751519,-0.0345940834,0.470927006,5293.322119140631,5286.73061523436,5291.976953124991,5292.558300781272,"1,1,5",0
392,34036000,39.43400000000028,-4.088223076923001e-06,-0.001233321976923077,0.0004972573807692308,0.26462966,1264.2,1264.8,1263.4,1263.2,0.0,0.0,0.0,0.0,0.0,0.0,0.0,0.0,0.0005326357,-0.007989482,0.0045273798,0.06464346,0.019153783,-9.640253,16.127004538461538,24.89503346153846,101131.46184615385,0.99999698,-0.0006207259999999999,0.00037943381714285716,-0.0023601629142857143,0.09484537777777778,0.13307717037037037,-15.088008462962962,-0.0005141531855555556,0.0020715267592592594,0.05853744925925926,0.27780128,-0.0331983084,0.47137392,5291.782812499919,5298.192675781461,5287.801757812309,5295.093066406438,"1,1,5",0
393,34086000,39.48400000000028,-0.0002766141675,-0.0014894169500000002,-9.307407125e-05,0.2648568375,1264.7,1264.3,1264.4,1263.7,0.0,0.0,0.0,0.0,0.0,0.0,0.0,0.0,-0.007989472,-0.020639505500000002,0.00013314204999999996,0.0299275265,-0.0173577945,-9.768942500000001,16.13187976923077,24.895048807692305,101131.40092307692,0.9999970816666667,-0.0006016332683333333,0.00017834439291666666,-0.0023557126625,0.09531151666666667,0.1337745638888889,-15.08710036111111,0.0003407379116666669,0.003520567222222222,0.05973278722222222,0.276145278,-0.0349727343,0.470786005,5281.283447265644,5311.278369140614,5280.340966796974,5313.6225097655715,"1,1,5",0
394,34136000,39.534000000000276,7.518208153846156e-05,-0.0005402330846153847,-5.205913230769228e-05,0.26513037692307695,1265.2,1264.0,1265.0,1264.0,0.0,0.0,0.0,0.0,0.0,0.0,0.0,0.0,-0.0077232253,-0.057524275,0.0021305992,-0.027533324,-0.015562142,-9.716867,16.122309461538464,24.89506446153846,101131.5,0.9999964815384615,-0.0008287176853846154,-0.0008641924538461538,-0.0023565819384615385,0.0958849947826087,0.1342958695652174,-15.085897130434782,0.0016845075765217392,0.004350691304347826,0.06029130347826087,0.278879636,-0.0351218186,0.471459218,5304.852343750072,5298.358984374976,5307.109375000078,5287.152246093658,"1,1,5",0
395,34186000,39.58400000000028,-0.000288506085,-0.0012184514875000002,-0.00021160557999999998,0.2653229625,1265.7,1264.0,1265.0,1264.0,0.0,0.0,0.0,0.0,0.0,0.0,0.0,0.0,-0.0033289633,-0.0513990115,0.0009320979743075,0.028131871500000002,-0.008379537,-9.7557755,16.15391080769231,24.89508080769231,101131.13269230768,0.9999941466666666,-0.00093217357875,-0.0023095224541666666,-0.0023327837,0.09661948173913043,0.1345530434782609,-15.084251206521738,0.0037615950928260875,0.0042524408152173915,0.05989458717391304,0.27868511500000004,-0.0347439824,0.47140101700000003,5288.566992187451,5313.752294921932,5292.58427734375,5314.358740234419,"1,1,5",0
396,34236000,39.634000000000285,-5.2754258846153845e-05,-0.0002434293384615386,0.0002688680853846154,0.265417,1265.8,1264.0,1265.2,1264.2,0.0,0.0,0.0,0.0,0.0,0.0,0.0,0.0,0.0037283124,-0.08016118,0.00479369,-0.017956512,0.0011972744,-9.941923,16.148312384615387,24.895097153846155,101131.19923076923,0.9999889976923076,-0.0009314147846153846,-0.003950333646153846,-0.002337594623076923,0.0970567362962963,0.1345159125925926,-15.08247064814815,0.007182656518518519,0.0037480599074074072,0.05928777707407407,0.28177991999999996,-0.034626703200000004,0.469552684,5308.865722656342,5292.348046874811,5312.69375000016,5297.015917968699,"1,1,5",0
397,34286000,39.68400000000028,0.000165625371875,-0.0012004162100000002,-0.00013905648,0.26564407625,1265.3,1264.0,1265.7,1264.7,0.0,0.0,0.0,0.0,0.0,0.0,0.0,0.0,-0.0003994376000000001,-0.057391121,-0.00466057055,-0.0197521635,0.059855214999999996,-9.7785185,16.1508405,24.895114,101131.16,0.99998009625,-0.0009656918916666667,-0.00578094545,-0.0023022606624999997,0.09726045111111112,0.1342475422222222,-15.080584305555556,0.011659697444444445,0.002924576527777778,0.05851589327777778,0.282351476,-0.035024478,0.46626059999999997,5296.049365234321,5319.303710937656,5293.352294921763,5315.060546875069,"1,1,5",0
398,34336000,39.73400000000028,0.00048582014307692307,-0.00014491699846153842,-0.0001161506876923077,0.26575596615384617,1265.2,1264.0,1266.0,1265.0,0.0,0.0,0.0,0.0,0.0,0.0,0.0,0.0,0.0066579925,-0.08229169,-0.005059882,0.051475346,-0.06464328,-9.860521,16.157702461538463,24.895129923076922,101131.08846153847,0.9999678,-0.0010326106366666666,-0.0075882408416666665,-0.0023381925,0.097747122,0.13394911599999998,-15.07887,0.0178758356,0.002116110554,0.0566532036,0.284273948,-0.0356219976,0.46825121999999997,5313.413867187671,5301.2927734373225,5314.187402343865,5299.153124999935,"1,1,5",0
399,34386000,39.78400000000028,0.0003074037125,-0.0004202898750000001,0.00042009766137500004,0.26585322749999996,1265.7,1264.0,1266.0,1265.0,0.0,0.0,0.0,0.0,0.0,0.0,0.0,0.0,0.00213053715,-0.065380615,-0.00266324475,-0.008978258,0.040103051,-9.912593999999999,16.127365,24.895144346153845,101131.45576923077,0.9999502307692307,-0.0009383741823076923,-0.009650040942307692,-0.0023301153461538463,0.098658227,0.133605606,-15.07741375,0.026700619600000003,0.0013301706890000002,0.0531543051,0.28680301399999997,-0.035604922,0.46597646,5303.951904296762,5320.564501953278,5299.887939452996,5312.024902343843,"1,1,5",0
400,34436000,39.83400000000029,-0.00030163969615384613,0.0014872383461538464,-0.00010504265184615384,0.26546689384615385,1265.6,1264.4,1265.8,1265.2,0.0,0.0,0.0,0.0,0.0,0.0,0.0,0.0,0.0063915607,-0.07430221,0.00079899386,-0.009576809,0.0071827765,-9.809044,16.136393846153847,24.895158769230772,101131.34615384616,0.9999319249999999,-0.0008415719116666667,-0.01140197025,-0.0022939132,0.09977424800000001,0.133077046,-15.0754406,0.036723372000000004,0.000610960064,0.0502690948,0.288296736,-0.034728794800000004,0.465500168,5313.23945312512,5295.363867187352,5314.282324218788,5299.040722656104,"1,1,5",0
401,34486000,39.884000000000285,-0.00019200143125000003,0.0010807543125,-0.00026254065375,0.26538824250000004,1264.6,1265.4,1265.3,1265.7,0.0,0.0,0.0,0.0,0.0,0.0,0.0,0.0,0.0057257878,-0.051665332,-0.0015978575,-0.020350716999999997,0.0023943725000000003,-9.75398,16.15246519230769,24.89517353846154,101131.15576923077,0.9999116375,-0.00070311500625,-0.013073015,-0.0022928388,0.101197643,0.132270911,-15.0726921,0.048543077000000004,-8.156701000000066e-06,0.0483044168,0.291677317,-0.0344880861,0.463263947,5305.976855468517,5310.29731445349,5297.492285155934,5309.063427734708,"1,1,5",0
402,34536000,39.93400000000028,6.902425538461539e-05,-2.44441538461539e-05,-0.0003023584138461539,0.26559782615384614,1264.4,1266.0,1265.2,1266.2,0.0,0.0,0.0,0.0,0.0,0.0,0.0,0.0,-0.00053248584,-0.05566008,-0.0034620848,-0.043095633,0.015562482,-9.813835,16.13097653846154,24.895188615384615,101131.4023076923,0.999895,-0.0006305669326666667,-0.014286099933333333,-0.0022619763866666667,0.103017658,0.13163345,-15.069417399999999,0.061226777,-0.000811698528,0.047020712799999996,0.29161656399999997,-0.0323233488,0.46328513600000004,5299.292187500192,5307.989550781137,5303.371679687609,5312.259472656041,"1,1,5",0
403,34586000,39.984000000000286,-3.1585975e-05,0.0010853868812499999,-0.000133173554,0.26592807375000005,1265.4,1266.0,1265.7,1266.7,0.0,0.0,0.0,0.0,0.0,0.0,0.0,0.0,0.00206381575,-0.0743022155,0.0013316576750000003,-0.07242459500000001,0.024840014000000004,-9.75727125,16.07572,24.89520303846154,101132.06269230769,0.9998724999999999,-0.0006230499493333334,-0.015795993266666666,-0.0022586375533333336,0.105432603,0.131249,-15.0653534,0.0752064695,-0.0018918779479999998,0.0467584698,0.29282874600000003,-0.0349009676,0.463664112,5313.646777343726,5310.611914062746,5314.51357421867,5310.09326171897,"2,10,0.55,10,0",0
404,34636000,40.03400000000029,0.00020500540230769228,0.0006637967153846155,-9.572351553846154e-05,0.2664009530769231,1266.0,1266.4,1265.8,1267.2,0.0,0.0,0.0,0.0,0.0,0.0,0.0,0.0,0.00026636396,-0.060453765,-0.002663195,0.055066645,-0.06344618,-9.837775,16.086554846153845,24.895217,101131.94215384616,0.9998443499999999,-0.0005553017283333333,-0.017486211749999998,-0.0022831538916666667,0.10846940719999999,0.13062855399999998,-15.0610782,0.0908795908,-0.0027746760000000002,0.0455333382,0.294510846,-0.0344889068,0.46044648,5317.195605468799,5314.816015624891,5317.255371093878,5309.241406249892,"1,1,15",0
405,34686000,40.08400000000029,0.00027822814124999997,0.0009260010249999998,5.690063125e-05,0.26647907,1266.0,1267.4,1265.3,1267.7,0.0,0.0,0.0,0.0,0.0,0.0,0.0,0.0,0.00632500325,-0.041811628,-0.002929468975,-0.024241290999999998,0.011971182225,-9.94012825,16.128991,24.8952295,101131.43792307693,0.9998186075,-0.000538097585,-0.018896884375,-0.0022858293624999997,0.1124390002,0.129654114,-15.0564862,0.1090928553,-0.0033614020000000003,0.0428638737,0.295084823,-0.0333958163,0.460765455,5319.240576171778,5321.987353515981,5320.45571289043,5319.469238281598,"1,1,15",0
406,34736000,40.134000000000285,-0.00018718397000000003,-0.00017309598461538451,0.0002386182942307692,0.2671011353846154,1266.2,1268.2,1265.2,1268.2,0.0,0.0,0.0,0.0,0.0,0.0,0.0,0.0,0.006657888,-0.041012693,-0.00026631958,-0.02873042,-0.021547647,-9.775528,16.151923615384614,24.895241846153848,101131.15461538461,0.9998002276923077,-0.0003692711707692308,-0.019849471384615385,-0.0022611412615384614,0.11754690679999999,0.128817126,-15.0526066,0.1279191072,-0.00367235454,0.040828145,0.2957257,-0.0332781608,0.45796959,5320.122558593937,5322.80976562488,5317.73828125011,5328.590624999805,"1,1,15",0
407,34786000,40.18400000000029,-7.725408375e-05,0.0008523786,0.00012141177312500001,0.26757621875,1266.7,1268.7,1265.7,1268.7,0.0,0.0,0.0,0.0,0.0,0.0,0.0,0.0,0.0029294819999999997,-0.0456732175,0.0006658115081909999,0.026336224499999998,0.035913201,-9.8443605,16.1288105,24.895253153846152,101131.43807692308,0.9997776230769231,-0.00023864533,-0.020962998961538463,-0.002282796838461538,0.12436228379999999,0.12818631600000002,-15.0497956,0.1476648402,-0.00356964689,0.039743020000000004,0.29737559999999996,-0.0346592266,0.45913796399999995,5331.794775390579,5327.233496093991,5330.496874999986,5329.857519531517,"1,1,15",0
408,34836000,40.23400000000029,-6.772919461538461e-05,-2.669320769230774e-05,-1.595144923076917e-05,0.26815414615384614,1266.8,1268.8,1266.0,1269.0,0.0,0.0,0.0,0.0,0.0,0.0,0.0,0.0,-0.0063915686,-0.032224264,0.002130475,-0.07661447,0.053869717,-9.77313,16.10569576923077,24.895262615384613,101131.70569230769,0.9997598384615385,-0.00023896828076923077,-0.021791302692307692,-0.002306468230769231,0.13241171999999998,0.12768821800000002,-15.0474958,0.16847822,-0.00312098936,0.036614517,0.298848904,-0.033165552800000005,0.458078874,5331.982617187557,5341.541113281118,5327.791503906405,5341.588183593615,"1,1,15",0
409,34886000,40.28400000000029,7.27623783975e-05,0.0008897834625,-0.00044168245249999997,0.26782038625000004,1266.3,1268.3,1266.0,1269.0,0.0,0.0,0.0,0.0,0.0,0.0,0.0,0.0,-0.002396856675,-0.03289004125,-0.001331592825,-0.00029927654999999977,0.022445816775000002,-9.94252325,16.12682330769231,24.89527026923077,101131.42061538462,0.9997369066666666,-0.00034189603125,-0.022822770333333332,-0.0022800438833333334,0.142312245,0.12738918800000001,-15.0459628,0.19089307,-0.0021534070100000004,0.030420947000000004,0.2982944,-0.0339903065,0.45827027800000003,5335.786767577992,5333.829638672102,5332.934374999812,5333.800195312643,"1,1,15",0
410,34936000,40.33400000000029,0.00018668457480615385,-0.00035830502307692314,-0.00017940284538461542,0.26753076461538466,1265.8,1268.2,1265.8,1268.8,0.0,0.0,0.0,0.0,0.0,0.0,0.0,0.0,-0.010652636,-0.024234772,0.004527365,-0.041898537,0.038307406,-9.953894,16.113281,24.895277,101131.586,0.9997216553846154,-0.0004556657692307692,-0.023484404307692306,-0.0022073286461538463,0.15324310600000002,0.127020986,-15.0445314,0.214099332,-0.00157112262,0.024486956600000002,0.300132726,-0.035276724,0.456768244,5320.547070312557,5333.039843749847,5328.809960937551,5339.531738281098,"1,1,15",0
411,34986000,40.38400000000029,0.00046286081,0.00023712331249999994,0.00015869210374999998,0.26701616,1265.3,1268.7,1265.3,1268.3,0.0,0.0,0.0,0.0,0.0,0.0,0.0,0.0,0.0007989832970510001,-0.02996056,0.0009321425499999999,-0.0167594115,-0.01556213883582,-9.8533385,16.140366576923075,24.895279884615384,101131.30138461538,0.9997021083333333,-0.0006596212558333334,-0.024301941,-0.0021580185041666666,0.165719471,0.126549026,-15.0432524,0.23849271200000002,-0.00156678517,0.0189423356,0.299902855,-0.0343551757,0.458082082,5331.816699218795,5307.263964843602,5340.3989257812755,5311.329199218673,"1,1,15",0
412,35036000,40.434000000000296,0.00019533965230769234,-0.00138948825,0.00023957935769230768,0.2668702984615385,1264.8,1268.8,1264.8,1268.0,0.0,0.0,0.0,0.0,0.0,0.0,0.0,0.0,0.0014647357,-0.001731057,0.0005326309577146999,-0.053869538499999994,0.008379877499999997,-9.801862,16.12844846153846,24.895282769230768,101131.44692307693,0.999694855,-0.0007090874616666667,-0.024595430416666668,-0.0021969679,0.179516392,0.125914258,-15.041993,0.263060738,-0.0015841802,0.0143296372,0.3015705,-0.0340833568,0.455805352,5308.009375000013,5337.041308593636,5307.842773437574,5331.524218749955,"1,1,15",0
413,35086000,40.48400000000029,-0.00012715919437500002,-0.0008996252187500001,0.000140367242625,0.2666375325,1264.3,1268.3,1264.3,1268.0,0.0,0.0,0.0,0.0,0.0,0.0,0.0,0.0,-0.0017310566000000001,-0.0159789695,-0.00186421185,-0.061650696500000005,0.044891462,-9.992800500000001,16.156437884615382,24.89528476923077,101131.07961538462,0.9996877453846154,-0.0006577745492307692,-0.024884787730769232,-0.0021952404192307692,0.195294147,0.125035278,-15.040763,0.287890733,-0.00163417395,0.011114822699999999,0.300357293,-0.0336732721,0.457051666,5322.028271484446,5319.017871093666,5320.843261718846,5313.650976562371,"1,1,15",0
414,35136000,40.53400000000029,-0.00021028845230769232,-0.0014157685384615388,2.8117493923076923e-05,0.26640660461538457,1264.0,1268.2,1263.8,1267.8,0.0,0.0,0.0,0.0,0.0,0.0,0.0,0.0,0.0007989343500000002,-0.0170442305,-0.0041279127999999995,-0.032321725499999995,0.012569736,-9.9473095,16.128449307692307,24.895286692307693,101131.4276923077,0.9996779692307692,-0.0006035250969230769,-0.02527522676923077,-0.0021931898923076925,0.212354624,0.12436662999999999,-15.040161,0.312817368,-0.00229984996,0.00771554504,0.30069248400000004,-0.0345882632,0.45677908,5305.778515625074,5332.598046874897,5300.344824218819,5328.596289062352,"1,1,15",0
415,35186000,40.584000000000295,-0.000302235048625,-0.000591655025,0.000305275090625,0.266111235,1264.0,1268.7,1263.3,1267.3,0.0,0.0,0.0,0.0,0.0,0.0,0.0,0.0,0.005592636025,-0.0214384545,-0.0029960485500000003,-0.0398036115,-0.0323215555,-9.91289475,16.096126192307693,24.895287,101131.79884615385,0.9996627625,-0.0005084362199999999,-0.02587356225,-0.002203657325,0.23133918399999998,0.12401348,-15.040501,0.33788896300000004,-0.0038890493599999998,0.00403957264,0.3022039,-0.0344712444,0.45638209,5314.288427734385,5312.42255859373,5313.388378906279,5310.662011718686,"1,1,15",0
416,35236000,40.6340000000003,-0.00015594713827272728,-0.0015761822181818185,0.0006324998472727273,0.26596186363636365,1263.8,1268.8,1262.8,1267.0,0.0,0.0,0.0,0.0,0.0,0.0,0.0,0.0,0.0026631607,-0.014381073,-0.00053261884,-0.07302317,0.022745093,-9.8988285,16.09651242857143,24.895285571428573,101131.79571428572,0.9996513499999999,-0.0004028600658333333,-0.026304479083333335,-0.0022751412333333336,0.25152004,0.1238123812,-15.040879200000001,0.363670966,-0.004426054039999999,0.0007160619599999999,0.30197784,-0.0341910898,0.455573592,5299.036328125077,5331.261425781105,5295.514941406371,5324.310644531151,"1,1,15",0
417,35286000,40.684000000000296,-0.00018995772333333335,-0.0005221232333333333,0.00040598625666666665,0.26567050666666664,1263.3,1268.3,1262.3,1267.0,0.0,0.0,0.0,0.0,0.0,0.0,0.0,0.0,0.0082558415,-0.0271642415,-0.0050599771500000005,-0.0095768062,0.0101755285,-9.802461000000001,16.102264807692308,24.895285,101131.74900000001,0.9996352625,-0.00031551862375,-0.026910479875,-0.0022966225,0.27349534,0.1238393592,-15.0413147,0.39051858100000003,-0.00338476664,-0.00207875614,0.302334601,-0.0340762824,0.455514456,5317.1534667969845,5301.6164062498265,5307.186816406264,5303.332177734225,"1,1,15",0
418,35336000,40.73400000000029,0.00010286564843137253,-0.0026643563117647057,0.0002527308249019608,0.2653723584313725,1262.8,1268.0,1262.0,1267.0,0.0,0.0,0.0,0.0,0.0,0.0,0.0,0.0,-0.0010652535,0.009321065,0.0034621097,-0.058657948,0.059855223,-9.883265,16.10677923076923,24.89528376923077,101131.69323076923,0.9996263953846154,-0.00028477563692307697,-0.027233725384615385,-0.0023376080615384615,0.296349884,0.123667182,-15.041568999999999,0.417088706,-0.00292300668,-0.0040193928,0.302880094,-0.034431845999999995,0.454093264,5286.508454975258,5324.002364309154,5282.945132606942,5325.229260896388,"1,1,15",0
419,35386000,40.7840000000003,2.5135872448979593e-05,-0.002239661657142857,-0.0001594542957142857,0.26531086081632654,1262.3,1268.0,1262.0,1267.0,0.0,0.0,0.0,0.0,0.0,0.0,0.0,0.0,-0.0046605386500000005,-0.016511598500000002,0.00253001285,-0.091578217,-0.046686766000000005,-9.84555675,16.092333653846154,24.895281269230768,101131.86938461539,0.99962423625,-0.00036719277125,-0.0273149435,-0.0023002310000000002,0.320523294,0.123196272,-15.0415515,0.443242596,-0.0033305378799999997,-0.0046787573,0.30228786999999996,-0.0325888015,0.456506964,5298.169793380067,5305.188348067289,5299.1278782896115,5310.412340665974,"1,1,15",0
420,35436000,40.8340000000003,0.00033246326153846153,-0.0030338858384615385,0.00011178116153846154,0.2652468276923077,1262.4,1267.2,1262.6,1266.6,0.0,0.0,0.0,0.0,0.0,0.0,0.0,0.0,-0.0050600073,0.0026631588,0.0031957938,-0.055066645,-0.011970838,-9.842566,16.093055846153845,24.89528,101131.87461538462,0.9996164830769231,-0.00047362372076923076,-0.02759294753846154,-0.0023124763538461537,0.34554799833333333,0.12269297141666667,-15.041750166666667,0.46947722375,-0.003847509391666667,-0.004541374375000001,0.302202132,-0.0345681496,0.454527172,5275.266113281204,5327.0176757812615,5280.200976562558,5325.330175781261,"1,1,15",0
421,35486000,40.8840000000003,0.000385411193125,-0.001009049860625,-0.00019549407749999998,0.26522210125,1263.4,1265.2,1264.1,1265.6,0.0,0.0,0.0,0.0,0.0,0.0,0.0,0.0,0.002996066675,-0.0212387105,0.001065274725,-0.0089782565,0.008080603624999998,-9.765350999999999,16.12267,24.8952795,101131.52,0.9996125738461538,-0.0006148097461538462,-0.027731058615384618,-0.0022825380346153845,0.37184964416666666,0.12214108495833334,-15.042273083333335,0.495832958125,-0.004528641370833334,-0.0032088703125,0.30251750304347824,-0.034233637130434785,0.4547496060869565,5291.465283203291,5311.757177734211,5297.002001953277,5309.295898437376,"1,1,15",0
422,35536000,40.934000000000296,9.394000538461537e-05,-0.001377523873846154,8.957425384615377e-05,0.26524358923076924,1263.4,1264.8,1264.4,1265.6,0.0,0.0,0.0,0.0,0.0,0.0,0.0,0.0,0.008788447,0.016511597,-0.0005326075,-0.03232173,-0.021547647,-9.770737,16.137116615384613,24.895278076923077,101131.32923076923,0.9996048584615385,-0.00049090696,-0.028011852384615385,-0.002273073253846154,0.3999566546153846,0.1214343176923077,-15.042530000000001,0.5217874153846154,-0.005655492,-0.002500347615384615,0.30348517999999997,-0.03389843,0.455422696,5279.147049753094,5324.702019942514,5277.07722553442,5329.419921875216,"1,1,15",0
423,35586000,40.9840000000003,0.00024095769875,-0.0041114678875,0.0006034145075,0.2652872975,1261.9,1266.8,1262.9,1267.1,0.0,0.0,0.0,0.0,0.0,0.0,0.0,0.0,0.0015979051249999999,-0.0073902739,0.001398153775,-0.12988547250000002,-0.059256323975,-9.806053499999999,16.134046923076923,24.895277,101131.35173076924,0.9996099133333334,-0.00036915481916666664,-0.027834239083333333,-0.002302079616666667,0.43001947673076923,0.12055976288461538,-15.04249875,0.5473071557692307,-0.0072652045,-0.002467804730769231,0.302231504,-0.035720961999999995,0.45468583,5280.287890625062,5324.695019531092,5281.439941406458,5319.658691406091,"1,1,15",0
424,35636000,41.034000000000304,0.00011341555307692306,-0.003962154661538462,-0.0001390580646153846,0.2654776907692308,1261.8,1267.6,1262.4,1267.6,0.0,0.0,0.0,0.0,0.0,0.0,0.0,0.0,0.0074568447,-0.008255807,-0.00026630695,-0.07541737,1.6917348e-07,-9.692927,16.124114615384617,24.89527623076923,101131.47923076924,0.9995987616666667,-0.00034161223833333336,-0.028231171166666666,-0.002292805566666667,0.460956876,0.1195688188,-15.042607799999999,0.57256232,-0.008687471399999999,-0.002085646752,0.301660222,-0.03462961,0.45494214,5273.19863281248,5334.0192382813075,5275.746972656198,5332.080175781359,"1,1,15",0
425,35686000,41.0840000000003,-0.00021921877375,-0.0021199109625,-3.179025000000002e-05,0.26561063125,1263.8,1266.6,1263.4,1266.6,0.0,0.0,0.0,0.0,0.0,0.0,0.0,0.0,0.011451572,-0.025166888,-0.00159787888,-0.12090719,0.001197272000000001,-9.833585,16.10389,24.895275,101131.7256923077,0.9995868038461538,-0.00018315559315384614,-0.02865499223076923,-0.002284093996153846,0.493206141,0.1184032908,-15.0429273,0.59742062,-0.0098285699,-0.0011790661320000002,0.3038272,-0.0343908125,0.454292823,5290.033837890808,5325.284033203071,5287.590087890759,5326.514160156141,"1,1,15",0
426,35736000,41.1340000000003,-0.00020223978,-0.0019536335923076922,0.00021778198461538462,0.26547824615384613,1265.0,1266.0,1263.8,1265.8,0.0,0.0,0.0,0.0,0.0,0.0,0.0,0.0,0.0015978891,-0.013315807999999998,0.0029294803500000003,-0.15981298500000002,0.014963935300000002,-9.889849,16.10389,24.895274384615387,101131.71,0.9995684133333333,-3.177466733333333e-05,-0.029285888833333336,-0.00231187625,0.5262954999999999,0.11742072320000001,-15.0435932,0.62207715,-0.01032128,-0.001227675408,0.30377216166666665,-0.03369285783333333,0.45432271333333335,5275.719433593542,5335.925683593794,5278.027050781157,5336.904199218915,"1,1,15",0
427,35786000,41.1840000000003,-0.0004294034,-0.0026513299875,0.00029187589375000004,0.2652320325,1265.0,1266.0,1263.3,1265.3,0.0,0.0,0.0,0.0,0.0,0.0,0.0,0.0,0.0081226235,-0.0267647765,0.00426106465,-0.125695595,0.025737842749999996,-9.739014000000001,16.117794423076923,24.89527246153846,101131.5525,0.9995572423076923,7.237678492307692e-05,-0.029666535615384616,-0.0022919356153846154,0.560645,0.1167125962,-15.0447787,0.646431025,-0.0098414075,-0.002709069528,0.30396306500000003,-0.0334196425,0.45303272,5278.032958984487,5322.16464843729,5276.750341796954,5331.237499999907,"1,1,15",0
428,35836000,41.23400000000031,-0.0005931032769230769,-0.0025327567230769227,0.0002868083384615384,0.2651438123076923,1264.6,1265.8,1263.2,1265.0,0.0,0.0,0.0,0.0,0.0,0.0,0.0,0.0,-0.001065271,-0.01171791,0.002929478,-0.05985505,0.010774079,-9.7719345,16.13494923076923,24.895271,101131.36153846154,0.9995373616666666,0.00021826313666666665,-0.030328109583333332,-0.0022992382166666667,0.5955170260869566,0.11589529043478261,-15.04645652173913,0.6709288391304348,-0.009584589869565216,-0.0036846112826086955,0.3060506,-0.033505116,0.4534842,5272.1541992185275,5333.021386718967,5263.122851562316,5335.050390625204,"1,1,15",0
429,35886000,41.284000000000304,-1.478547499999996e-06,-0.0032951620375,-0.0002005715825,0.2649707125,1263.6,1265.3,1263.7,1265.0,0.0,0.0,0.0,0.0,0.0,0.0,0.0,0.0,-0.005725791825,-0.027696877,0.001398200025,-0.1550245725,0.051774791249999993,-9.80754825,16.06903884615385,24.89527080769231,101132.12115384615,0.99952815,0.0001770122325,-0.030629028,-0.002291911675,0.6311728413043478,0.11491421652173914,-15.048872826086956,0.6956425619565217,-0.00966235454347826,-0.003901374489130435,0.30587432000000003,-0.03358727,0.45247908000000003,5266.72666015634,5330.983349609218,5270.160595703331,5329.088134765427,"1,1,15",0
430,35936000,41.3340000000003,0.0002991682169230769,-0.002922806676923077,6.558368461538475e-06,0.26470679999999996,1262.6,1265.2,1263.6,1265.4,0.0,0.0,0.0,0.0,0.0,0.0,0.0,0.0,0.0021305499,-0.019174764,-0.0063915704,-0.14963764,0.0023943717,-9.698913,16.080416,24.89527,101132.00461538462,0.9995075785714286,3.728307857142857e-05,-0.031297656285714286,-0.0022631452,0.6677302822222222,0.11414161185185186,-15.05096162962963,0.7198729448148149,-0.009724221388888888,-0.004160831103703704,0.30775055,-0.036628276,0.4543004,5272.981835937108,5322.330761719052,5273.111035155854,5317.415332031469,"1,1,15",0
431,35986000,41.384000000000306,0.00011621703125000001,-0.005094172375,-7.085964375000002e-05,0.26439931375,1261.6,1265.7,1262.6,1266.4,0.0,0.0,0.0,0.0,0.0,0.0,0.0,0.0,-0.00306264335,-0.00426105385,-0.0003994682499999999,-0.15083470999999998,0.0347161015,-9.711481,16.086916653846153,24.89527,101131.94807692307,0.9995034229166666,-4.4714982916666664e-05,-0.03142496275,-0.00234113965,0.7049961433333333,0.11353280444444444,-15.05279311111111,0.7437235605555556,-0.009773597083333333,-0.004453832538888889,0.30677506,-0.03313653,0.453958615,5247.799023437502,5339.643115234298,5250.253906250094,5333.650927734361,"1,1,15",0
432,36036000,41.43400000000031,-1.5961807692307776e-06,-0.004226180038461539,-0.0003579201846153846,0.2642819315384616,1261.2,1266.2,1261.8,1266.8,0.0,0.0,0.0,0.0,0.0,0.0,0.0,0.0,0.0045273956,-0.019707385,-0.0018642334,-0.19393033,-0.031124454,-9.745598,16.130976615384615,24.89527,101131.38846153847,0.9994924492307692,-2.597420323076923e-05,-0.031776689538461536,-0.0022587561846153844,0.742924348,0.1132683868,-15.054210999999999,0.7672049439999999,-0.0094416719,-0.0030262007200000003,0.3070524,-0.033693545,0.45327386,5255.025195312257,5322.792675781446,5255.26982421849,5328.773730468877,"1,1,15",0
433,36086000,41.48400000000031,-0.000260584425,-0.0048908706875,0.0001876216875,0.26428977375,1261.7,1266.7,1261.3,1266.3,0.0,0.0,0.0,0.0,0.0,0.0,0.0,0.0,-0.00346211785,-0.017843177,-0.0009321226,-0.159214435,0.012569729000000002,-9.682751,16.06470576923077,24.89527003846154,101132.1736923077,0.99947768625,3.4385390333333334e-05,-0.032238496250000005,-0.0022724793833333334,0.7818460679999999,0.11352055380000001,-15.0550085,0.7901324789999999,-0.0085377954,0.0009823809800000001,0.30712631,-0.0344507935,0.45351476,5246.699365234422,5338.203710937507,5242.0689453125415,5335.439404296873,"1,1,15",0
434,36136000,41.534000000000304,-0.0005491358846153845,-0.004996497423076923,0.00010671048076923075,0.26450880692307693,1261.8,1267.0,1261.2,1266.0,0.0,0.0,0.0,0.0,0.0,0.0,0.0,0.0,0.00079896866,-0.029028462,-0.0034620913,-0.19632454,0.02633639,-9.822214,16.14145,24.895271,101131.266,0.9994543791666667,3.5447179499999996e-05,-0.03294988808333334,-0.0022833892250000002,0.8218125399999999,0.1138391252,-15.0557006,0.812988372,-0.00755038048,0.0033298946600000003,0.30916956,-0.034164697,0.45352745,5261.38544921856,5331.869238281385,5255.031640624834,5328.1194335939845,"1,1,15",0
435,36186000,41.58400000000031,-0.0003283836499999999,-0.006139301075,-0.000209009124375,0.26432201875,1261.3,1267.0,1261.7,1266.0,0.0,0.0,0.0,0.0,0.0,0.0,0.0,0.0,-0.0034620955000000003,-0.0185089765,0.0041278898,-0.232237575,-0.050876621500000004,-9.7581685,16.145964423076922,24.895272923076924,101131.21215384617,0.9994361153846154,1.1135786538461536e-05,-0.03350290807692308,-0.0022565512346153847,0.86334614,0.1142573032,-15.0562346,0.835736802,-0.00643765793,0.0031858063100000003,0.307965235,-0.034008881,0.45231134,5241.489843749977,5340.365966796852,5238.916748046945,5348.78432617181,"1,1,15",0
436,36236000,41.63400000000031,0.0007375119615384615,-0.0051892126615384615,-6.12972523076923e-05,0.2643766846153846,1260.6,1267.4,1261.4,1266.4,0.0,0.0,0.0,0.0,0.0,0.0,0.0,0.0,-0.011185282,-0.030360037,0.0021305517,-0.27054486,1.6921527e-07,-9.69532,16.128809615384615,24.895274846153846,101131.44076923077,0.9994105538461538,-0.00023474624846153846,-0.03425781892307692,-0.0022294794230769232,0.905775586,0.1144562932,-15.056493999999999,0.858044722,-0.00597903492,0.00340660244,0.30778024,-0.03308026,0.45080104,5256.799609375022,5326.357617187369,5263.429199218847,5325.812402343728,"1,1,15",0
437,36286000,41.68400000000031,0.0004015007275,-0.0074923389,0.00010021070375000002,0.26436617625,1259.6,1268.4,1259.9,1267.4,0.0,0.0,0.0,0.0,0.0,0.0,0.0,0.0,-0.00545948395,0.005326318,0.0002663307999999998,-0.2573767,-0.008978086000000001,-9.779117750000001,16.131519153846153,24.895278538461536,101131.40692307692,0.9993965833333334,-0.000420881985,-0.034663794708333334,-0.0021721365833333333,0.9495488009999999,0.1143265012,-15.0563415,0.879691877,-0.00650156122,0.0041747252899999995,0.3103494,-0.035611872,0.451729685,5225.387841796651,5359.1756347658875,5231.5906738278645,5355.569873047093,"1,1,15",0
438,36336000,41.73400000000031,-1.387144615384628e-06,-0.0076150140923076926,0.00019695051307692306,0.2646486623076923,1259.388349514563,1269.0,1259.1941747572816,1268.1941747572816,0.0,0.0,0.0,0.0,0.0,0.0,0.0,0.0,0.0061252574,-0.030093722,0.0021305576,-0.22266078,0.008379877,-9.72884,16.108224,24.895282384615385,101131.69615384615,0.9993895107692308,-0.00046134423076923074,-0.034865851692307694,-0.0021963773615384613,0.9935177921359224,0.11420476658252428,-15.056049805825243,0.9014737098058252,-0.006714488067961165,0.005980153174757282,0.31092316,-0.033896994,0.45087838,5242.657128906396,5345.25517578106,5242.588769531444,5342.0246093749665,"1,1,15",0
439,36386000,41.78400000000031,-0.00014625407752941178,-0.007921634211764707,4.791834623529412e-05,0.26511500294117646,1260.3592233009708,1269.0,1259.6796116504854,1268.6796116504854,0.0,0.0,0.0,0.0,0.0,0.0,0.0,0.0,0.00612527635,-0.032490568,0.0031958141,-0.21607674,0.0017958214999999993,-9.738415750000001,16.088721538461538,24.89528703846154,101131.8873076923,0.9993629925,-0.0003239830708333333,-0.0356236575,-0.0021222415666666667,1.0377804474757282,0.11409511803883496,-15.05554932038835,0.9234575593203884,-0.006463015737864078,0.009341538611650485,0.309891465,-0.034488985,0.45128313,5236.819042968762,5358.209814453126,5236.5529296875175,5366.645361328194,"1,1,15",0
440,36436000,41.834000000000316,0.00015383369436734696,-0.007107171146938776,0.00034678174163265313,0.2654236906122449,1260.8247422680413,1269.1752577319587,1260.0,1269.1752577319587,0.0,0.0,0.0,0.0,0.0,0.0,0.0,0.0,-0.00026629824,-0.048469532,-0.00452738,-0.22984336,-0.0011969304,-9.775528,16.146506153846154,24.89529107692308,101131.2,0.9993271,-0.00028592478923076923,-0.036616140923076926,-0.0021104607923076923,1.0839419587628867,0.11388164894845361,-15.054854639175257,0.9461416041237114,-0.0063836439278350515,0.011316170474226804,0.311122570952381,-0.03334040528571429,0.44976520571428574,5255.9450195313375,5347.486132812351,5255.071777343899,5349.465429687488,"1,1,15",0
441,36486000,41.88400000000031,0.000176108815,-0.008494868875,0.00052176101,0.2656508875,1260.3092783505156,1269.6907216494844,1260.0,1269.6907216494844,0.0,0.0,0.0,0.0,0.0,0.0,0.0,0.0,-0.00492684985,-0.017976338,-0.00559263445,-0.278325975,-0.007182434749999999,-9.832988499999999,16.130615384615385,24.895296384615385,101131.39761538462,0.9992950568181819,-0.00034599916181818184,-0.037480075363636366,-0.0021589654681818185,1.1337894845360825,0.11346664585567011,-15.053782989690722,0.9701848515463918,-0.006638349597938144,0.010598868927835051,0.31186725,-0.034394563600000004,0.449004721,5240.068945312418,5381.214013672007,5237.726220703053,5363.317187499975,"1,1,15",0
442,36536000,41.93400000000031,-0.000319192183076923,-0.008478612961538462,-0.0003141029323076923,0.26548587692307696,1260.0,1270.2,1260.0,1270.0,0.0,0.0,0.0,0.0,0.0,0.0,0.0,0.0,0.009321075,-0.027164238,0.001331605,-0.26455936,0.028730595,-9.886856,16.114725307692307,24.895302153846153,101131.59153846154,0.9992730714285714,-0.00035784029285714284,-0.03805724214285714,-0.002183847914285714,1.1838429130434782,0.1127340787826087,-15.052967826086958,0.9935637347826087,-0.0068994793043478265,0.00965639647826087,0.312312092,-0.0347150636,0.447274,5246.729394531344,5361.891406249837,5245.934863281338,5361.406249999944,"1,1,15",0
443,36586000,41.984000000000314,-0.00024997497375,-0.0093680697875,-0.00036912175625000005,0.265548095,1260.0,1270.7,1260.0,1270.0,0.0,0.0,0.0,0.0,0.0,0.0,0.0,0.0,0.009986839,-0.021038981,-0.0013315892999999999,-0.360327395,-0.05087662,-9.865309,16.119420615384616,24.895306615384616,101131.5276153846,0.9992461820833334,-0.00018325304208333332,-0.038760813625,-0.0021321003666666667,1.2342051956521738,0.11152516573913043,-15.052537391304348,1.0159460717391304,-0.007170245065217391,0.008376167673913044,0.313283925,-0.033584226099999996,0.448501509,5234.51938476567,5376.826611328224,5227.009570312365,5383.888623046903,"1,1,15",0
444,36636000,42.03400000000032,0.0003839791969230769,-0.008735792984615385,-9.371936923076925e-05,0.26544417,1259.6153846153845,1270.8076923076924,1259.6153846153845,1270.1923076923076,0.0,0.0,0.0,0.0,0.0,0.0,0.0,0.0,-0.0013315557,-0.04181164,-0.0018641166,-0.31603462,0.007182779,-9.91918,16.09955653846154,24.895309846153847,101131.75846153845,0.9992153953846153,-0.00017565653846153846,-0.03954641676923076,-0.002159703446153846,1.285342225,0.11019931050000001,-15.05264,1.037988275,-0.007435908749999999,0.0063525844,0.313394424,-0.033419909399999996,0.447984064,5244.735546875042,5369.282031249905,5242.566699218822,5361.061718749888,"1,1,15",0
445,36686000,42.084000000000316,0.0003207733819230769,-0.009971106153846155,-0.0004010785884615385,0.2653899103846154,1258.6538461538462,1270.326923076923,1258.6538461538462,1270.673076923077,0.0,0.0,0.0,0.0,0.0,0.0,0.0,0.0,-0.00119842505,-0.015180020499999999,0.00199736875,-0.402225925,0.016759585499999997,-9.8335845,16.12573980769231,24.89531446153846,101131.44307692307,0.9991811583333333,-0.00031099805333333335,-0.04040265383333333,-0.0021543351416666665,1.3370879839285714,0.10878157210714286,-15.053161428571428,1.059763230357143,-0.0076975636607142855,0.0037449369,0.31327989,-0.0349115539,0.446611325,5221.057910156076,5381.5061523438935,5228.298046874865,5386.349511718987,"1,1,15",0
446,36736000,42.13400000000031,-0.00025381803,-0.009401941,-0.00015388989666666666,0.26502876666666664,1257.8333333333333,1270.1666666666667,1257.8333333333333,1271.1666666666667,0.0,0.0,0.0,0.0,0.0,0.0,0.0,0.0,0.0018642534,-0.028229507,-0.0045273937,-0.4285621,-0.07781139,-9.762358,16.127726153846154,24.895318615384614,101131.43492307691,0.9991567083333333,-0.00026118486999999996,-0.04100469225,-0.0020962120333333336,1.3894840913043478,0.10753040913043478,-15.054154260869565,1.081229504347826,-0.008137539695652174,0.0016066009930434783,0.31453413,-0.033902139799999995,0.447171916,5225.662695312641,5372.811328125,5226.474999999992,5372.358007812175,"1,1,15",0
447,36786000,42.18400000000032,1.2748887499999876e-06,-0.01049593575,-0.0002169026325,0.26475131749999997,1257.3125,1270.6875,1257.3125,1271.6875,0.0,0.0,0.0,0.0,0.0,0.0,0.0,0.0,0.0041278742,-0.0170442415,0.00093208745,-0.33099838,-0.004788233499999999,-9.792884,16.1062375,24.8953225,101131.697,0.9991229826923077,-0.0002460587573076923,-0.04181410042307692,-0.0021977250923076925,1.4432621891304347,0.10663321891304348,-15.056148826086956,1.1020398304347825,-0.008956448119565218,0.00046555222130434783,0.315059068,-0.033960097,0.44532918,5210.908398437263,5384.405126953315,5208.983789062273,5380.0684570315,"1,1,15",0
448,36836000,42.23400000000032,7.840562923076922e-05,-0.009292864692307692,-0.0004778031123076923,0.26471365307692307,1256.8,1271.4,1256.4,1272.2,0.0,0.0,0.0,0.0,0.0,0.0,0.0,0.0,0.00199737845,-0.038216361000000004,0.00346209405,-0.42317515,0.002992921499999999,-9.7360225,16.104251153846157,24.89532730769231,101131.72461538462,0.9990967541666667,-0.00016893104166666668,-0.04243642966666667,-0.002191408375,1.499749323076923,0.10554832692307692,-15.057774692307692,1.1238306307692307,-0.009546640692307692,0.0008742950461538461,0.316249632,-0.0349218228,0.44639090000000003,5221.2132812501695,5368.802343749873,5220.31621093763,5372.205566406053,"1,1,15",0
449,36886000,42.28400000000032,-0.00026611730999999997,-0.009792803,-0.00013630667749999994,0.26468269625,1256.3,1272.4,1254.9,1272.7,0.0,0.0,0.0,0.0,0.0,0.0,0.0,0.0,-0.0026631594,-0.0103863285,-0.0017310691,-0.45429982,-0.020350548500000003,-9.697115,16.121044807692307,24.895331692307693,101131.52923076923,0.9990619846153845,-6.102333823076923e-05,-0.04324946880769231,-0.0021718363230769228,1.5591712461538463,0.10426009134615384,-15.059001134615384,1.1466836115384615,-0.009889057759615384,0.0029619787673076923,0.31774778400000003,-0.0331092568,0.44584326,5205.366113280841,5383.916503906672,5207.388574218362,5381.065722656545,"1,1,15",0
450,36936000,42.334000000000316,-0.00034082354230769227,-0.011447629346153846,0.00048298621000000006,0.26447213230769234,1255.8,1273.0,1254.2,1273.0,0.0,0.0,0.0,0.0,0.0,0.0,0.0,0.0,-2.5296327e-08,-0.014114756,0.0013315605,-0.42975926,-0.01556214,-9.801862,16.123753846153846,24.895336307692308,101131.48307692308,0.9990538846153846,-6.404276461538461e-06,-0.043432709,-0.002207079123076923,1.6186584652173914,0.10296105130434782,-15.060195695652174,1.1692241608695653,-0.010516827565217391,0.0046908785000000005,0.31685799600000003,-0.0349830482,0.445065944,5199.794238281319,5390.234570312316,5195.998632812698,5388.411132812356,"1,1,15",0
451,36986000,42.38400000000032,2.1491759750000015e-05,-0.0103568360625,0.000253414475,0.2644697575,1255.3,1273.0,1254.7,1273.0,0.0,0.0,0.0,0.0,0.0,0.0,0.0,0.0,0.00079894274,-0.028628979,-0.00173108415,-0.39983171,-0.0017954799999999986,-9.763555499999999,16.075540076923076,24.89534276923077,101132.05538461539,0.9990211458333333,2.9367971083333332e-05,-0.04418153858333333,-0.0022152308291666666,1.6782436282608697,0.10164580456521739,-15.06134243478261,1.1912960630434781,-0.011572626478260871,0.00588160225,0.317989484,-0.0341412939,0.444303159,5198.451513671602,5390.144335937709,5195.851025390397,5388.047314453416,"1,1,15",0
452,37036000,42.434000000000324,-0.00019798773784615386,-0.011361676230769231,0.0001393109,0.2645239815384615,1254.6,1273.4,1254.8,1273.4,0.0,0.0,0.0,0.0,0.0,0.0,0.0,0.0,0.003728373,-0.04048005,-0.0018642081,-0.4884172,-0.027533151,-9.866505,16.067774923076925,24.895349538461538,101132.13846153846,0.998986176923077,0.00010576595538461537,-0.044966534384615384,-0.0021604092153846154,1.7385840518518518,0.10058179844444444,-15.062447185185185,1.2124320629629628,-0.01184331688888889,0.006967369555555556,0.318016464,-0.0324447312,0.444142358,5197.984375,5389.80908203125,5198.646484375,5393.697265625,"1,1,15",0
453,37086000,42.48400000000032,2.0856499999999823e-06,-0.011954399000000001,0.0001723533475,0.264475135,1253.6,1274.4,1254.3,1274.4,0.0,0.0,0.0,0.0,0.0,0.0,0.0,0.0,-0.0041279178,-0.030959258750000003,0.005592606025,-0.429759255,-0.0023940340000000006,-9.665093500000001,16.084930423076923,24.895354884615386,101131.93546153847,0.9989394725,0.000209579718125,-0.04599057145833333,-0.002194384591666667,1.7995178944444445,0.09971519566666666,-15.063518944444445,1.232832711111111,-0.011497136333333335,0.007970671083333334,0.31972620500000004,-0.0336908459,0.445192058,5191.979248046452,5389.967919922079,5194.992089843576,5395.316357422249,"1,1,15",0
454,37136000,42.53400000000032,0.00044007154230769235,-0.013531730153846153,-0.00023879426692307692,0.2646442984615385,1253.2,1275.2,1253.6,1274.8,0.0,0.0,0.0,0.0,0.0,0.0,0.0,0.0,-0.00053258415,-0.038083214,0.0026631411,-0.49679685,-0.04189837,-9.664197,16.112919846153847,24.895362076923078,101131.62538461538,0.9989159523076924,9.18905766923077e-05,-0.04650271092307692,-0.0020664491384615384,1.8609772,0.09945119834782608,-15.064479173913043,1.2530777086956522,-0.01031400791304348,0.008695112217391304,0.318336488,-0.0336891852,0.44290845,5179.340136718956,5399.797265624908,5189.914257812661,5411.927050781004,"1,1,15",0
455,37186000,42.58400000000032,4.449793750000011e-06,-0.0124374255,0.00012604108250000002,0.26460681375,1253.7,1275.7,1252.6,1274.3,0.0,0.0,0.0,0.0,0.0,0.0,0.0,0.0,-0.0046604795,-0.052730603,-0.0025299771018849997,-0.50338098,0.0484827635,-9.8892525,16.081254214285714,24.89537025,101131.98107142857,0.99886069375,-5.091100141666667e-05,-0.04767960779166666,-0.002020570866666667,1.9232247,0.1000911092173913,-15.065272108695652,1.2730892304347827,-0.007875457695652174,0.009001262760869566,0.320296449,-0.034602182100000003,0.442519279,5205.578662109502,5384.34204101559,5207.016406249998,5382.656152343599,"1,1,15",0
456,37236000,42.63400000000033,1.779290769230769e-05,-0.014234864153846154,0.00021024986615384616,0.26441576615384615,1253.6,1276.0,1252.2,1274.4,0.0,0.0,0.0,0.0,0.0,0.0,0.0,0.0,-0.0018641582,-0.022903198,-0.0029294377,-0.60693026,0.0011972715,-9.785105,16.083744181818183,24.89537658181818,101131.95527272727,0.9988254416363637,-0.00010467530281818182,-0.048409657436363634,-0.0020684623054545454,1.986761677777778,0.10106640888888889,-15.065557222222223,1.2938269925925927,-0.006605990537037037,0.009559559222222222,0.323497828,-0.0330335248,0.443176764,5177.6598632812575,5411.014453125039,5172.5328125000415,5411.132324218665,"1,1,15",0
457,37286000,42.684000000000324,0.00043898599875,-0.013780404875,-0.0004816994675,0.26437767375,1252.6,1276.0,1252.7,1275.4,0.0,0.0,0.0,0.0,0.0,0.0,0.0,0.0,-0.0013315747971428572,-0.034164548571428574,0.0044132875999999994,-0.5434838085714285,0.003249441085714285,-9.606734428571428,16.066671454545457,24.895383854545454,101132.14618181817,0.9987890870909091,-0.00032445752554545454,-0.04915241289090909,-0.0020499961236363634,2.051311816666667,0.10230522833333333,-15.065443333333333,1.3151353722222223,-0.006255088638888889,0.010315970333333334,0.323034009,-0.034852166,0.442942781,5184.957519531361,5391.072998046733,5192.519042968831,5397.523339843701,"1,1,15",0
458,37336000,42.73400000000032,0.0003022293453846154,-0.015156768769230769,-3.39393569230769e-05,0.26465318000000004,1252.0,1276.2,1253.0,1276.2,0.0,0.0,0.0,0.0,0.0,0.0,0.0,0.0,-0.0111852735,-0.021305293,-2.9923637e-08,-0.5470751,-0.0023940324,-9.740809,16.10539594339623,24.895392320754716,101131.7154716981,0.9987483358333333,-0.00042906632749999997,-0.04997671883333333,-0.001989775325,2.11661718,0.103530921,-15.0646834,1.33612694,-0.00615445606,0.0114356372,0.323224944,-0.033564992,0.442910654,5166.617285156353,5422.0532226563155,5171.9603515624985,5417.5124023436465,"1,1,15",0
459,37386000,42.784000000000326,0.0003070610175,-0.014772861625,0.00022754945849999997,0.26490312,1252.0,1276.7,1253.0,1276.7,0.0,0.0,0.0,0.0,0.0,0.0,0.0,0.0,0.005526069425,-0.04554006025,0.0018642668874999995,-0.60034617,0.015562483774999997,-9.74470175,16.141811153846156,24.895400076923078,101131.28546153846,0.9986991996153847,-0.0005233658384615385,-0.05094656046153846,-0.0020340652038461538,2.18305538,0.1047369235,-15.062954399999999,1.35664329,-0.00642922746,0.0131001877,0.324251415,-0.034971445000000004,0.440813951,5187.502343750077,5404.33901367169,5188.227001953251,5403.843115234357,"1,1,15",0
460,37436000,42.83400000000033,0.0001513073251923077,-0.01646049676923077,-5.503619246153845e-05,0.26516218153846155,1252.0,1277.0,1253.0,1277.2,0.0,0.0,0.0,0.0,0.0,0.0,0.0,0.0,0.0042610457,-0.027430566,-0.00026628518,-0.54108965,-0.019153446,-9.842566,16.11039076923077,24.895408615384614,101131.67061538462,0.9986533538461538,-0.0004430646876923077,-0.05183951784615384,-0.0020234769,2.25014432,0.105987626,-15.061288,1.3769744,-0.00637019076,0.0138895466,0.32508803399999997,-0.0344101472,0.44135345200000003,5165.70898437503,5433.784472656224,5164.7061523437405,5435.733886718829,"1,1,15",0
461,37486000,42.88400000000033,6.25198296875e-05,-0.0160446975,-0.00040485019125,0.265356945,1252.0,1277.0,1253.0,1277.7,0.0,0.0,0.0,0.0,0.0,0.0,0.0,0.0,0.00250337584,-0.04671185,0.0017577227200000001,-0.5549759599999999,-0.01316793652,-9.8653088,16.06976176923077,24.89541807692308,101132.14092307692,0.998609590909091,-0.0003778333054545455,-0.052678058954545456,-0.0019887058999999998,2.31820937,0.10730537849999999,-15.0597155,1.39702765,-0.00581044191,0.013366118100000001,0.325646612,-0.033493578499999996,0.439569528,5175.967285156329,5416.4196777341995,5182.045751953306,5424.493359374879,"1,1,15",0
462,37536000,42.934000000000324,-3.2499788461538506e-05,-0.016941231153846152,-0.00034344190923076923,0.26570628153846154,1252.2,1277.6,1252.6,1278.0,0.0,0.0,0.0,0.0,0.0,0.0,0.0,0.0,0.00026630805,-0.0330232,0.0013316562,-0.6607998,0.056263912,-9.79827,16.08330523076923,24.895426153846152,101131.97707692307,0.9985511230769231,-0.0004333210461538462,-0.05377464130769231,-0.001954142576923077,2.38747952,0.10851074799999999,-15.0580772,1.4170538799999999,-0.00492354748,0.0123679644,0.3257717,-0.0321823636,0.438452604,5167.407714843831,5447.266210937577,5166.008691406145,5443.903808593809,"1,1,15",0
463,37586000,42.98400000000033,-0.00032421222125000003,-0.017401000875,0.00034640963250000007,0.26573020999999997,1252.7,1279.1,1251.6,1278.0,0.0,0.0,0.0,0.0,0.0,0.0,0.0,0.0,-0.00388828968,-0.0501206898,0.0030892294399999997,-0.671334276,0.0548273922,-9.8339456,16.076082153846155,24.895434576923076,101132.03153846154,0.9985005423076923,-0.00038770392076923076,-0.054705357961538456,-0.0019877647423076922,2.4585573199999997,0.109547543,-15.056340200000001,1.43703958,-0.0035459346799999996,0.0106577229,0.328248878,-0.0327061632,0.436839739,5178.661474609457,5431.847558593581,5175.24780273455,5435.802343749901,"1,1,15",0
464,37636000,43.03400000000033,-0.00010903528999999995,-0.018556616307692307,0.00048732148846153856,0.26583706,1252.8,1280.0,1251.2,1278.4,0.0,0.0,0.0,0.0,0.0,0.0,0.0,0.0,-0.0061252853,-0.032490563,-0.0018642216,-0.6368576,0.0071827783,-9.950302,16.071026,24.895442538461538,101132.09384615385,0.9984400869230768,-0.00044158513384615387,-0.05579550953846154,-0.0020203748461538463,2.530657,0.11069647199999999,-15.0542642,1.4576031999999999,-0.00255835186,0.009692748,0.32972719,-0.0326845694,0.437107628,5163.870605468702,5461.795996093676,5155.146191406345,5456.087500000059,"1,1,15",0
465,37686000,43.08400000000033,0.00019429384875,-0.0181345695,-4.379670624999997e-05,0.26597843125000004,1252.3,1280.0,1251.7,1279.4,0.0,0.0,0.0,0.0,0.0,0.0,0.0,0.0,-0.01011997325,-0.0597879735,-0.0045274199,-0.690128715,0.0245407385,-9.745001,16.04339707692308,24.89544826923077,101132.42038461538,0.9983793986363636,-0.0006265674531818181,-0.05686869795454545,-0.002028688209090909,2.6042895,0.11201360199999999,-15.051679700000001,1.4790337,-0.0021558140099999998,0.009845673,0.329863726,-0.035296546000000005,0.435147254,5174.533203125186,5445.7228515624165,5171.289990234502,5436.171533202904,"1,1,15",0
466,37736000,43.13400000000033,0.00015027550692307693,-0.01962435507692308,1.2873573076923071e-05,0.2666789,1252.6,1279.6,1252.2,1279.6,0.0,0.0,0.0,0.0,0.0,0.0,0.0,0.0,-0.0057258249,-0.0316916175,-0.0015978761999999999,-0.73083012,-0.0005983845000000002,-9.832986,16.057662307692308,24.895454923076922,101132.2576923077,0.9983109169230769,-0.0008297862407692307,-0.05805433423076923,-0.0020996144923076925,2.67908904,0.11335219199999999,-15.0492266,1.50030278,-0.00180909348,0.00949081346,0.32921984,-0.035213273999999996,0.434684492,5162.862890624898,5475.470507812568,5162.098828124921,5464.177441406567,"1,1,15",0
467,37786000,43.18400000000033,-8.770771875e-05,-0.01853618,-4.948903750000028e-06,0.2666530375,1254.1,1278.6,1252.7,1278.6,0.0,0.0,0.0,0.0,0.0,0.0,0.0,0.0,0.0006658041999999999,-0.044874276000000005,-0.00306260585,-0.7757213000000001,0.052672607999999996,-9.9407265,16.08926326923077,24.895460307692307,101131.90576923077,0.9982649776923077,-0.0008759534846153847,-0.058838300423076924,-0.0020904594499999997,2.75563914,0.11472297199999999,-15.0469706,1.52132973,-0.0015460989299999998,0.00837427711,0.332182441,-0.034529462,0.434491582,5168.211083984576,5469.569531249871,5171.888867187679,5466.632177734151,"1,1,15",0
468,37836000,43.234000000000336,-0.0007137723846153846,-0.018241894615384616,0.00033893885384615383,0.2666491923076923,1254.6,1278.2,1253.0,1278.0,0.0,0.0,0.0,0.0,0.0,0.0,0.0,0.0,0.0058589363,-0.030360043,-0.0034621279,-0.8068461,0.04549001,-9.775527,16.08402707692308,24.895464153846152,101131.95615384616,0.9982011891666667,-0.0007353872,-0.059911867583333334,-0.0021268487749999997,2.83315066,0.116032136,-15.044948,1.5427447,-0.00157942782,0.00631103591,0.33024216,-0.033729340000000003,0.43445925199999996,5165.655468749827,5478.774804687671,5156.915429687424,5481.996484375179,"1,1,15",0
469,37886000,43.28400000000033,-0.00037093972499999996,-0.0194438055,-3.359983125e-05,0.26670030125,1253.6,1278.7,1253.0,1278.0,0.0,0.0,0.0,0.0,0.0,0.0,0.0,0.0,-0.0046605095,-0.03994742,0.0027962947,-0.8014590699999999,-0.0544679225,-9.967662,16.061636,24.895467,101132.22,0.9981549696153846,-0.0006969103038461539,-0.06067606315384615,-0.0021259652846153847,2.91210431,0.117248876,-15.0432755,1.5647417000000001,-0.0020572418699999996,0.002827737435,0.332881082,-0.035611472,0.433220616,5160.328808593814,5476.101904296753,5161.411865234527,5481.657519531098,"1,1,15",0
470,37936000,43.33400000000033,0.0005525723384615385,-0.019520884923076923,0.00015110797461538461,0.26647682,1252.8,1279.0,1252.8,1278.4,0.0,0.0,0.0,0.0,0.0,0.0,0.0,0.0,-0.006125281,-0.029561078,0.0023969242,-0.76135623,-0.022744747,-9.838972,16.054412461538462,24.895468,101132.33615384616,0.9980934953846153,-0.0008771937730769231,-0.061679028461538464,-0.002076263353846154,2.99216698,0.118157422,-15.0418774,1.58656358,-0.0025481525399999997,-0.0005156283199999999,0.333685294,-0.034527188,0.433165928,5145.386718749834,5488.333398437656,5158.656933593558,5486.196093750186,"1,1,15",0
471,37986000,43.384000000000334,0.00020507939875000003,-0.0213968665,0.00012082246875,0.2666174,1252.3,1279.0,1252.3,1279.4,0.0,0.0,0.0,0.0,0.0,0.0,0.0,0.0,0.001464755281051,-0.0363521525,-0.0021305654,-0.8277953,-0.019153440749999997,-9.8377755,16.070844846153847,24.895468,101132.12961538462,0.9980526259090909,-0.0009423270386363636,-0.06233591454545454,-0.0020919925136363635,3.07389318,0.118603677,-15.040890899999999,1.60812278,-0.00305870814,-0.0036490949949999994,0.334076442,-0.0346950388,0.432063278,5149.498876953293,5492.28090820295,5150.10805664071,5484.7228027342235,"1,1,15",0
472,38036000,43.43400000000034,-0.00048256072,-0.02165505476923077,-0.0002880946230769231,0.26630215384615386,1251.8,1279.2,1251.6,1280.0,0.0,0.0,0.0,0.0,0.0,0.0,0.0,0.0,0.006125281,-0.03009372,-0.00079895963,-0.8523358,0.038307406,-9.926362,16.097028692307692,24.89546723076923,101131.79692307692,0.9979953057142857,-0.0008341617814285714,-0.06324721857142857,-0.0021010058285714285,3.15642756,0.118988496,-15.040110799999999,1.62922684,-0.00350940706,-0.007639480399999999,0.335252052,-0.035162419199999996,0.432989592,5145.885156249659,5487.204785156683,5142.851074218441,5486.378515625405,"1,1,15",0
473,38086000,43.484000000000336,-0.00037355265,-0.022994417875,-0.00016436885450000002,0.26610493125,1251.3,1279.7,1250.6,1280.0,0.0,0.0,0.0,0.0,0.0,0.0,0.0,0.0,0.0061252632,-0.04167847475,0.00019972012499999995,-0.886153975,-0.01735779375,-9.801561999999999,16.11021053846154,24.895464615384615,101131.65923076922,0.9979522966666666,-0.00074175708375,-0.06392402875,-0.0021175978875,3.24017421,0.119281161,-15.0396403,1.6496481900000002,-0.0038703209599999996,-0.012915243899999998,0.335528326,-0.0345186838,0.432362213,5132.979736328238,5498.67993164043,5127.238085937587,5499.017480468577,"1,1,15",0
474,38136000,43.53400000000033,-0.00034676886923076924,-0.022247362153846154,3.053507723076923e-05,0.26563002307692307,1250.6,1280.0,1249.8,1280.0,0.0,0.0,0.0,0.0,0.0,0.0,0.0,0.0,-0.00146473555,-0.047137956499999994,-0.00292951055,-0.8930373,0.006584226999999998,-9.917383000000001,16.093056076923077,24.89546015384615,101131.86,0.9978718533333333,-0.0006749843616666667,-0.0651668845,-0.002143251191666667,3.32461728,0.119839926,-15.0400468,1.66988314,-0.0039338881199999995,-0.017067214,0.337759056,-0.034011720599999996,0.42999545,5132.915039062188,5489.127148437805,5126.024902343443,5485.256835937817,"1,1,15",0
475,38186000,43.58400000000034,-0.00018008042625,-0.023535477,0.0001128938895,0.2654889875,1249.6,1280.0,1249.3,1280.0,0.0,0.0,0.0,0.0,0.0,0.0,0.0,0.0,0.0026631462500000002,-0.04846953649999999,0.00612527295,-0.88405905,0.0305262455,-9.8623155,16.05007807692308,24.895454384615384,101132.36769230769,0.9978013375,-0.0006690980474999999,-0.0662357965,-0.00217983275,3.4101049800000003,0.120797841,-15.0417688,1.68983849,-0.0035514351699999997,-0.019533494000000002,0.339208875,-0.0337261606,0.431138857,5114.678076171875,5493.116943359156,5113.881103515781,5500.088232421838,"1,1,15",0
476,38236000,43.63400000000034,0.00021783946076923077,-0.023546813923076924,0.00015785609815384616,0.26529624230769233,1248.8,1280.2,1248.8,1280.2,0.0,0.0,0.0,0.0,0.0,0.0,0.0,0.0,-0.006924218,-0.054594815,-0.0029294156,-0.8619127,-0.04429256,-9.816229,16.058023692307692,24.895448846153847,101132.26615384615,0.9977111461538462,-0.0007478805230769231,-0.06758239246153847,-0.0021122873384615383,3.4967315130434784,0.1217194302173913,-15.043484173913043,1.7104684391304348,-0.003572096356521739,-0.021511467652173915,0.339000644,-0.033769568400000005,0.430179886,5120.915820312212,5482.142773437796,5124.890039062308,5484.419628906484,"1,1,15",0
477,38286000,43.68400000000034,0.000197348615,-0.025258853625,0.00017575124249999998,0.26512455625,1248.3,1280.7,1248.3,1280.7,0.0,0.0,0.0,0.0,0.0,0.0,0.0,0.0,-0.010253164,-0.022503716,-0.0034621015999999998,-0.8870518000000001,0.0017958235,-9.855731500000001,16.074276192307693,24.89544346153846,101132.07384615384,0.9976407153846154,-0.0009371170457692308,-0.06861197161538463,-0.002129324176923077,3.585066295652174,0.12258653076086957,-15.045189608695653,1.7321102869565217,-0.004197428747826087,-0.022756981782608696,0.339527575,-0.0330170439,0.42840473,5093.722119140577,5516.348925781377,5095.935888671772,5503.799707031264,"1,1,15",0
478,38336000,43.734000000000336,-5.862754076923078e-05,-0.02464859876923077,-4.518069730769231e-05,0.2647768153846154,1247.6,1281.2,1247.4,1281.4,0.0,0.0,0.0,0.0,0.0,0.0,0.0,0.0,0.008788386,-0.056459025,-0.0010653152,-0.94092137,0.0011972709,-9.7324295,16.122308846153846,24.89543623076923,101131.51538461538,0.9975733966666667,-0.0009440748575,-0.069582955,-0.0021573400333333333,3.674861596,0.12362448000000001,-15.0470614,1.7536677440000001,-0.004080582616,-0.02346026968,0.341020472,-0.0355946252,0.429171906,5111.828125,5489.2119140625,5107.45361328125,5486.68603515625,"1,1,15",0
479,38386000,43.78400000000034,-0.0003652918325,-0.026458916,-0.000134762719375,0.2645002375,1246.6,1281.7,1245.9,1282.4,0.0,0.0,0.0,0.0,0.0,0.0,0.0,0.0,0.005459505425,-0.01924133225,-0.002729731475,-1.01454295,0.03142407,-9.672574749999999,16.090708,24.895431076923078,101131.86961538462,0.9975010261538462,-0.0008081051488461539,-0.07061668615384614,-0.002126603642307692,3.765804446,0.1247966675,-15.0490639,1.775158894,-0.003380596216,-0.023737522679999998,0.34150715600000003,-0.0344119898,0.428025137,5082.345410156101,5504.516259765732,5078.634619140405,5506.634472656357,"1,1,15",0
480,38436000,43.834000000000344,-0.00029425969846153845,-0.027034950615384617,-0.00022483257153846153,0.26424243846153844,1245.8,1282.0,1245.0,1282.8,0.0,0.0,0.0,0.0,0.0,0.0,0.0,0.0,-0.0042610519999999995,-0.0384826845,-0.0003994953499999996,-1.0115503000000001,-0.016759241,-9.8060525,16.065660214285714,24.895423428571426,101132.2,0.9974563642857143,-0.0007747344821428571,-0.07124566857142857,-0.002088246492857143,3.857572814814815,0.12596665518518518,-15.05109611111111,1.7966628555555557,-0.0028568257999999997,-0.024100964222222222,0.342958392,-0.034357552,0.42805468599999996,5087.020507812538,5494.002539062439,5084.788769531311,5499.452734374872,"1,1,15",0
481,38486000,43.88400000000034,0.00015627062,-0.027803884625,3.505165000000006e-06,0.2639185825,1245.3,1282.0,1245.0,1282.3,0.0,0.0,0.0,0.0,0.0,0.0,0.0,0.0,-0.01165134225,-0.02989397775,-0.0024634590499999997,-0.975338025,-0.007780984824999999,-9.836578249999999,16.115962892857144,24.895416285714287,101131.575,0.9973996678571428,-0.0008391551339285714,-0.07203390071428571,-0.0020979689035714286,3.9499898055555556,0.12713491444444444,-15.053151666666666,1.8181768833333334,-0.0024715108,-0.024532125333333335,0.343389861,-0.0344661601,0.42701254499999997,5063.393115234287,5516.145849609507,5063.551171874913,5512.616992187506,"1,1,15",0
482,38536000,43.93400000000034,0.00026291185166666666,-0.02776961775,6.566208333333662e-07,0.2636321366666667,1244.6,1282.2,1244.4,1282.0,0.0,0.0,0.0,0.0,0.0,0.0,0.0,0.0,-0.009853753,-0.045540046,0.0021304954,-1.0199299,-0.0119708385,-9.7444,16.117975,24.89540953846154,101131.55461538461,0.9973198076923078,-0.0010238573615384615,-0.07312886215384615,-0.0020571064,4.0430252,0.127976698,-15.055212599999999,1.8391718,-0.00216189122,-0.024905651,0.343554292,-0.0351150776,0.425809236,5073.761621093832,5494.818554687403,5080.325000000107,5494.500683593657,"1,1,15",0
483,38586000,43.98400000000034,6.0600807692307685e-05,-0.029078888346153846,0.00011572383346153842,0.2633618923076923,1243.6,1282.7,1242.9,1282.0,0.0,0.0,0.0,0.0,0.0,0.0,0.0,0.0,-0.0017310926,-0.026365298,0.001198404353849,-1.11390235,0.03172334585,-9.745000000000001,16.084749730769232,24.895403692307696,101131.9345,0.9972443737500001,-0.001140431875,-0.07414871975000001,-0.00207933085,4.1369882,0.128328768,-15.0572816,1.85938805,-0.0019658147699999997,-0.0251927235,0.34374707,-0.0348839502,0.424188467,5048.472558593579,5517.526464843915,5046.878613281005,5514.700732421998,"1,1,15",0
484,38636000,44.03400000000035,-1.9829230769230754e-05,-0.02905465046153846,0.0002483347353846154,0.2632297,1243.0,1283.2,1242.0,1282.2,0.0,0.0,0.0,0.0,0.0,0.0,0.0,0.0,-0.0007989402,-0.044741124,-0.0069241845,-1.0869677,-0.021547647,-9.78989,16.080416,24.895396230769233,101131.99753846154,0.9971770714285715,-0.0011412913142857144,-0.07504617214285715,-0.0021210473714285715,4.23141466,0.128703528,-15.0590902,1.87879288,-0.00212663152,-0.023921430799999997,0.344600936,-0.0357866204,0.42478776399999996,5053.629574424408,5510.956542968624,5051.789550781367,5500.2056949012085,"1,1,15",0
485,38686000,44.084000000000344,0.0001111461065,-0.030090131250000002,-6.417933124999999e-05,0.26337943875000003,1243.0,1283.7,1242.0,1282.7,0.0,0.0,0.0,0.0,0.0,0.0,0.0,0.0,0.004261054,-0.044208477999999996,0.00199738355,-1.1683706,0.017956681,-9.5965585,16.042493230769228,24.89539176923077,101132.46846153846,0.9970842272727273,-0.0011520489681818183,-0.0762709905,-0.002127554263636364,4.32653631,0.129112323,-15.0605082,1.89698058,-0.00282278807,-0.0203125903,0.34487907700000003,-0.034779270699999996,0.424123396,5036.949951171715,5517.469873046998,5038.74799804674,5524.236376953367,"1,1,15",0
486,38736000,44.13400000000034,0.0002610937209230769,-0.03002565307692308,1.2970999999999995e-05,0.2638214507692308,1242.8,1284.2,1241.8,1283.4,0.0,0.0,0.0,0.0,0.0,0.0,0.0,0.0,0.0058589024,-0.06524745,0.0039947643,-1.1647792,0.035913195,-9.674969,16.0710256,24.895387,101132.10800000001,0.9969838,-0.001073137342857143,-0.07757330028571428,-0.0020821229,4.42239896,0.129465896,-15.06195,1.91526896,-0.00394693766,-0.017476394399999998,0.347673824,-0.035296093199999996,0.4213682,5051.336914062642,5516.885253906275,5049.796582031358,5514.85615234368,"1,1,15",0
487,38786000,44.184000000000346,0.0005132345875,-0.0312878085,-6.716358749999998e-05,0.26397313125,1242.3,1284.7,1241.3,1284.4,0.0,0.0,0.0,0.0,0.0,0.0,0.0,0.0,0.0009321118743615,-0.052730596,-0.00093208862,-1.1791445,-0.064643284,-9.7258455,16.0991952,24.8953828,101131.766,0.9968652041666667,-0.0010629689583333333,-0.07908362283333333,-0.0020820507416666667,4.51937311,0.129736636,-15.0634275,1.93370836,-0.00571307681,-0.0157991654,0.348890143,-0.0352925841,0.421894411,5047.4765625,5526.533203125,5050.57568359375,5522.65234375,"1,1,15",0
488,38836000,44.23400000000035,0.00014767866038461536,-0.029908420615384616,0.00033362554615384615,0.26367646538461537,1241.6,1285.2,1240.8,1285.2,0.0,0.0,0.0,0.0,0.0,0.0,0.0,0.0,0.009054805,-0.060986396,-0.0015977848,-1.1444284,0.0383074,-9.633072,16.07861,24.895378923076922,101132.00230769231,0.9967637307692307,-0.0009585988,-0.08035341461538462,-0.0020744341076923078,4.61702488,0.130250788,-15.065069,1.95267576,-0.00667899354,-0.014872115,0.349475572,-0.034144876,0.42137030799999997,5041.363867187604,5529.676074218513,5040.798437500115,5527.402050781176,"1,1,15",0
489,38886000,44.28400000000035,-3.123001437499999e-05,-0.03016228625,0.00019543476475,0.26341761874999997,1240.6,1285.7,1240.3,1285.7,0.0,0.0,0.0,0.0,0.0,0.0,0.0,0.0,0.009853673,-0.043809015,0.0037284051,-1.2270284999999999,0.0149639305,-9.721058500000002,16.122489692307692,24.895375076923077,101131.48784615385,0.9966455791666666,-0.0007541375516666667,-0.08181001524999999,-0.002026944033333333,4.715693079999999,0.131130058,-15.0669565,1.9724351599999999,-0.00644457664,-0.0150703325,0.351206495,-0.032973036500000004,0.41884077000000003,5027.868701171488,5530.516796875249,5027.43793945275,5540.395751953537,"1,1,15",0
490,38936000,44.334000000000344,0.00020303599999999997,-0.03172930615384616,-0.00021401527707692308,0.26323634230769233,1239.6,1286.2,1239.6,1286.0,0.0,0.0,0.0,0.0,0.0,0.0,0.0,0.0,0.0010653418,-0.055127442,-0.002396788,-1.2880805,0.015562482,-9.792285,16.131698846153846,24.895371230769232,101131.38992307693,0.9965598800000001,-0.0006800301676923076,-0.08284827092307692,-0.0019887251076923075,4.814817039999999,0.132104544,-15.069077100000001,1.9919257799999999,-0.0064309207,-0.015443199,0.35168002400000004,-0.0329347404,0.41788540199999996,5026.148046875133,5536.875097656146,5022.965722656375,5537.208203124798,"1,1,15",0
491,38986000,44.38400000000035,0.0005976028899999999,-0.031471413125,-0.00013668717375,0.26294866625,1238.6,1286.7,1238.6,1286.0,0.0,0.0,0.0,0.0,0.0,0.0,0.0,0.0,-0.00386159665,-0.047137953499999996,-0.00452737735,-1.2749123999999998,-0.0107737377,-9.7300355,16.139644230769232,24.895369346153846,101131.31096153846,0.9964443370833334,-0.0007692213604166666,-0.0842266125,-0.0019926525416666665,4.9146246399999995,0.133221854,-15.071547350000001,2.01101323,-0.0067484062,-0.016078039,0.35198038,-0.0338002275,0.41710374699999997,5011.088720702781,5546.456445312854,5014.080468749598,5540.213818359631,"1,1,15",0
492,39036000,44.43400000000035,-2.8089952307692307e-05,-0.03305724230769231,9.538892307692486e-07,0.2628513946153846,1238.0,1287.2,1237.8,1286.2,0.0,0.0,0.0,0.0,0.0,0.0,0.0,0.0,0.00452736,-0.054328486,-0.0005326272,-1.2677298,0.011971177,-9.593566,16.08258130769231,24.89536776923077,101132.00307692308,0.9963491838461538,-0.0008157587184615385,-0.08534358,-0.001998099746153846,5.01513276,0.134274544,-15.0734222,2.02975458,-0.0064129318,-0.0156000744,0.353681786,-0.036624739399999995,0.416554408,5005.934765625109,5545.101757812313,5007.150585937568,5545.343652343748,"1,1,15",0
493,39086000,44.48400000000035,-0.000535576675,-0.0331385365,-7.214693749999998e-05,0.2629458925,1238.0,1287.7,1237.3,1286.7,0.0,0.0,0.0,0.0,0.0,0.0,0.0,0.0,0.00752343785,-0.05952164575,0.00186425625,-1.31980395,0.028431315750000002,-9.64354625,16.064524384615385,24.895365846153847,101132.21461538461,0.99622499125,-0.0006455468025,-0.08678473375000001,-0.0019295816916666667,5.11669166,0.135230304,-15.074403949999999,2.04797678,-0.00509801755,-0.013452902899999999,0.355540041,-0.0344378689,0.415437814,5009.156152343611,5536.6851074220485,5005.047412109168,5553.236816406417,"1,1,15",0
494,39136000,44.53400000000035,-0.0001437265653846154,-0.03460701284615385,0.00047765365384615384,0.2629363107692308,1237.6,1288.2,1236.8,1287.6,0.0,0.0,0.0,0.0,0.0,0.0,0.0,0.0,-0.011451595750000002,-0.0466053245,0.0013315964,-1.3479358000000001,-0.008978088259435,-9.611524,16.10569623076923,24.895363923076925,101131.71307692307,0.9961147984615384,-0.0006687536676923077,-0.08804047969230769,-0.0019288361846153846,5.219160860000001,0.136210258,-15.0750444,2.0663549199999998,-0.00370509228,-0.010917225879999999,0.3565293,-0.0338235416,0.416909766,4993.44658203131,5554.5576171874045,4994.652734375037,5555.50683593739,"1,1,15",0
495,39186000,44.58400000000035,-3.662731249999985e-06,-0.034974327,0.00014786935625,0.26309675,1236.6,1288.7,1236.3,1289.1,0.0,0.0,0.0,0.0,0.0,0.0,0.0,0.0,-0.00732370465,-0.054328493,-0.0007989534,-1.362301,-0.01376649175,-9.626487000000001,16.115627500000002,24.895363,101131.59,0.9959915770833334,-0.0008932195416666667,-0.08942087033333333,-0.0019595954583333333,5.32299551,0.137226503,-15.0751729,2.08496697,-0.00219515048,-0.007798790579999999,0.356324139,-0.0349516311,0.414153298,5004.297998046895,5545.84843749998,5008.971435546973,5546.017480468798,"1,1,15",0
496,39236000,44.634000000000356,6.003052307692309e-05,-0.036396437384615385,-1.2366849999999948e-05,0.2632005846153846,1236.0,1289.4,1236.0,1290.0,0.0,0.0,0.0,0.0,0.0,0.0,0.0,0.0,-0.0057258002499999995,-0.0380832085,0.0030626326000000002,-1.3952209500000001,-0.016160694,-9.822213,16.077886923076925,24.895363,101132.02538461538,0.9958916875,-0.001043545275,-0.09052619533333334,-0.0019184017916666666,5.42747064,0.138014122,-15.0751107,2.1038456599999997,-0.0017342525799999998,-0.006189013619999999,0.358862354,-0.0342779636,0.412523776,4983.047851562523,5574.158789062457,4987.360742187523,5579.069824218597,"1,1,15",0
497,39286000,44.68400000000035,0.00049424531875,-0.03583351425,0.00042688704250000003,0.26310601375,1236.0,1290.4,1236.0,1290.0,0.0,0.0,0.0,0.0,0.0,0.0,0.0,0.0,-0.0059921125000000006,-0.056991651500000004,-0.00359525815,-1.4047979499999999,-0.0083795377,-9.680356499999998,16.04755,24.895363846153845,101132.38692307692,0.9957710346153846,-0.001200948296153846,-0.09184031315384615,-0.001969573273076923,5.53290649,0.138458802,-15.07476245,2.12312431,-0.00284692053,-0.006842224169999999,0.359413299,-0.0346738334,0.413133886,4995.0256347656405,5561.465722656194,4994.006835937514,5547.58540039048,"1,1,15",0
498,39336000,44.73400000000035,0.00021820633461538459,-0.03750365992307692,8.160863384615384e-05,0.26347118153846155,1236.0,1291.2,1235.8,1290.4,0.0,0.0,0.0,0.0,0.0,0.0,0.0,0.0,0.00133158,-0.042876903,0.003195786,-1.4592662,0.028730592,-9.694122,16.06019076923077,24.895365,101132.26000000001,0.9956510307692308,-0.0012546955153846153,-0.09313037576923076,-0.002004474746153846,5.6393049,0.13856514,-15.0740316,2.1424632000000003,-0.0038358244400000002,-0.006391257159999999,0.35838179200000003,-0.035279887,0.410035786,4975.291503906282,5585.820214843695,4977.233203124998,5584.6437499999965,"1,1,15",0
499,39386000,44.784000000000354,-0.000176041705,-0.037407928,-0.00026128111725,0.2637609,1236.0,1291.7,1235.3,1291.4,0.0,0.0,0.0,0.0,0.0,0.0,0.0,0.0,0.013182679,-0.058989018500000004,0.0023968157,-1.4329299,0.012569727499999999,-9.612721,16.103168346153847,24.895365692307692,101131.73961538462,0.9955280125,-0.0010981799083333334,-0.09444074604166668,-0.0019484926208333335,5.74714715,0.138163965,-15.07272685,2.1618924500000003,-0.00463908229,-0.004284023809999999,0.36314382,-0.035082921,0.410383984,4991.121923828259,5568.2482910155,4990.809716796989,5576.801367187439,"1,1,15",0
500,39436000,44.83400000000036,4.981695846153849e-05,-0.03904699338461538,-1.723829369230769e-05,0.26420214615384613,1235.8,1292.2,1235.2,1292.2,0.0,0.0,0.0,0.0,0.0,0.0,0.0,0.0,0.0042610248,-0.04500743,0.0037284738,-1.5119386,0.044292904,-9.720461,16.130254230769232,24.895367,101131.40692307692,0.9954126046153846,-0.0009682328384615384,-0.09565035307692307,-0.0019185675076923078,5.855777499999999,0.137803328,-15.0714658,2.1814512600000002,-0.0051555794000000005,-0.0028756257,0.36318771,-0.034707742,0.408761986,4970.80996093754,5605.732714843699,4973.466894531336,5608.874218750062,"1,1,15",0
501,39486000,44.884000000000356,0.0003948524925,-0.03870627825,-6.533971874999998e-05,0.2644056525,1235.3,1292.7,1235.7,1292.7,0.0,0.0,0.0,0.0,0.0,0.0,0.0,0.0,0.00013308476427,-0.06331666425,0.0003328941250000002,-1.4562734499999999,-0.009576639499999998,-9.68723825,16.09576403846154,24.895367,101131.82738461539,0.9952885075,-0.0009986419958333335,-0.0969334015,-0.0018946124791666666,5.96559,0.137503498,-15.0702703,2.20120441,-0.005241935400000001,-0.00251548045,0.363355316,-0.0335440995,0.40904838,4979.5087890625,5600.46826171875,4981.73828125,5600.072265625,"1,1,15",0
502,39536000,44.93400000000035,-8.167113923076923e-05,-0.04028485392307692,-0.00029918828461538463,0.2646773246153846,1234.8,1293.4,1235.8,1293.2,0.0,0.0,0.0,0.0,0.0,0.0,0.0,0.0,0.0031958388,-0.03302321,-0.0029294386,-1.4796169,-0.0023940303,-9.856928,16.10569576923077,24.895367,101131.69538461539,0.9951583875,-0.0010169779916666666,-0.09826222966666667,-0.0018323721,6.07594188,0.137035684,-15.069165400000001,2.22093156,-0.005274003340000001,-0.00341182304,0.365479834,-0.0352553952,0.406618584,4969.196386718642,5614.336132812649,4976.266503906097,5619.224414062647,"1,1,15",0
503,39586000,44.98400000000036,-0.00012070359500000012,-0.041015609875,-0.00023842761875,0.2645658925,1234.3,1294.4,1235.3,1293.7,0.0,0.0,0.0,0.0,0.0,0.0,0.0,0.0,-0.0017310323999999999,-0.0411458465,0.003328948,-1.5532383,0.021547988,-9.799468000000001,16.120142115384617,24.895367,101131.53980769232,0.9950684988461539,-0.0009616423307692308,-0.09916960615384615,-0.0017591254423076923,6.187102830000001,0.136315894,-15.0681964,2.24061971,-0.00522463919,-0.0061928973899999995,0.36496517900000003,-0.034450373299999996,0.40824414,4965.464599609335,5610.029833984284,4972.363574218778,5619.728417968649,"1,1,15",0
504,39636000,45.03400000000036,0.0006876288107692307,-0.04199386723076923,0.00013111387692307694,0.2648493184615384,1234.2,1295.0,1235.0,1294.4,0.0,0.0,0.0,0.0,0.0,0.0,0.0,0.0,-0.007989483,-0.03701795,-0.0034620995,-1.5646108,-0.032321557,-9.581594,16.098473538461537,24.895366692307693,101131.77884615384,0.9949609753846154,-0.0010575978384615384,-0.10024133153846153,-0.001749249530769231,6.29904972,0.13558615999999998,-15.066769,2.26032006,-0.005375547059999999,-0.0077330663999999995,0.36664019600000003,-0.0340416172,0.406688252,4954.006250000031,5635.885156250126,4957.1148437499005,5632.293164062567,"1,1,15",0
505,39686000,45.08400000000036,0.00015172103750000002,-0.041756964875000004,0.00021368857650000002,0.26507880625,1234.7,1295.0,1235.0,1295.4,0.0,0.0,0.0,0.0,0.0,0.0,0.0,0.0,0.005193201075,-0.06364954625,0.0023969122,-1.606509625,-0.009277365499999999,-9.6237945,16.14506153846154,24.895364423076924,101131.26038461538,0.994837015,-0.0010568856727272728,-0.10146430772727273,-0.0017913814636363636,6.41217552,0.13484151,-15.064654,2.28003871,-0.00582686296,-0.0074118774,0.367396954,-0.033412829399999996,0.405737776,4965.1291992188635,5623.018945312203,4968.341748047064,5624.750732421783,"1,1,15",0
506,39736000,45.134000000000356,-0.00041873301999999994,-0.04263336953846154,0.00010775971399999998,0.2652693923076923,1235.0,1294.4,1235.0,1295.4,0.0,0.0,0.0,0.0,0.0,0.0,0.0,0.0,0.0053262548,-0.05352955,-0.0031958115,-1.6053125,-0.007182434,-9.795877,16.13386576923077,24.89535976923077,101131.37384615385,0.99467184,-0.0008870278428571429,-0.1030711362857143,-0.0017952134428571428,6.5261881875,0.13415809291666667,-15.06283,2.2996638583333335,-0.0064214328125,-0.009036019416666667,0.3684994,-0.0331509268,0.40542586799999997,4962.740234374816,5648.233691406421,4954.416113281176,5642.676562500083,"1,1,15",0
507,39786000,45.18400000000036,-0.000223341695,-0.04179894875,0.00020514705499999998,0.2646269875,1235.0,1292.9,1235.0,1293.9,0.0,0.0,0.0,0.0,0.0,0.0,0.0,0.0,0.0013315657750000002,-0.0623845565,-0.0021970566749999997,-1.6825253,-0.006583884125,-9.78570225,16.09973676923077,24.89535676923077,101131.77384615384,0.9945290483333333,-0.0008580336208333333,-0.10443922675,-0.0019006692625,6.64153115625,0.13356652520833334,-15.0614425,2.3191487541666667,-0.007230883593749999,-0.013578157958333333,0.368749155,-0.0345977519,0.403178722,4959.808837890683,5639.067724609139,4956.206152343874,5631.132421874821,"1,1,15",0
508,39836000,45.234000000000364,-0.0007151795,-0.04199448,-0.0003512685776923077,0.2644171961538461,1234.8,1292.4,1234.8,1293.0,0.0,0.0,0.0,0.0,0.0,0.0,0.0,0.0,0.0077231205,-0.0476706,0.0026631732,-1.6352401,0.0023943714,-9.679759,16.113281,24.895351,101131.62,0.994366355,-0.0006740415108333333,-0.10597893050000001,-0.0018890107583333334,6.757975384615385,0.13303072538461538,-15.060052461538461,2.3387993000000002,-0.007649144846153846,-0.01732481553846154,0.370166372,-0.035142714000000005,0.401400172,4945.811914062371,5649.66562500024,4944.26015624982,5653.142089844011,"1,1,15",0
509,39886000,45.28400000000036,-0.00061690108375,-0.043159216375000004,-0.0002602324075,0.26447672499999997,1234.3,1293.4,1234.3,1293.0,0.0,0.0,0.0,0.0,0.0,0.0,0.0,0.0,-0.0003329353375,-0.050666644250000004,-0.00019973587500000012,-1.6909049500000002,-0.004189684749999999,-9.706993,16.12682330769231,24.89534619230769,101131.46615384617,0.994241923076923,-0.00050075944,-0.10714152923076924,-0.0018403582730769229,6.8756126442307695,0.13255534076923076,-15.058659673076923,2.3586293,-0.007643617442307692,-0.02020970207692308,0.369981225,-0.0356189313,0.402539039,4940.02099609375,5646.82275390625,4938.154296875,5662.22314453125,"1,1,15",0
510,39936000,45.33400000000036,-0.00019277790538461536,-0.04325215392307692,0.00010303562230769232,0.2644318769230769,1233.8,1294.2,1233.8,1293.2,0.0,0.0,0.0,0.0,0.0,0.0,0.0,0.0,-0.0013315608,-0.04980112,0.0026631397,-1.7369936,0.041898705,-9.598354,16.136032692307694,24.895340461538463,101131.34,0.9940957823076922,-0.0005527409,-0.10848814561538461,-0.0018741078615384615,6.9944353,0.132077384,-15.0577918,2.37836268,-0.007360706000000001,-0.0222897942,0.372978976,-0.032941541399999996,0.39954237,4934.585742187379,5659.144433594049,4932.712988281042,5657.725683594016,"1,1,15",0
511,39986000,45.38400000000036,-0.00011519040624999999,-0.044748850624999996,-7.890982124999997e-05,0.2647094625,1233.3,1294.7,1233.3,1293.7,0.0,0.0,0.0,0.0,0.0,0.0,0.0,0.0,-0.00505999965,-0.054461649,-0.0022637143,-1.7842791,-0.006583886499999997,-9.686341500000001,16.14506153846154,24.895331153846154,101131.23269230769,0.99396213125,-0.0006521807029166666,-0.10970554666666667,-0.0018811205541666666,7.1150360500000005,0.131595569,-15.0577113,2.39795113,-0.0066617185,-0.0231626947,0.373024054,-0.0347221006,0.399676876,4934.039306640731,5662.4133300780495,4929.373730468811,5662.13774414048,"1,1,15",0
512,40036000,45.43400000000037,0.00016550861923076923,-0.04481069846153846,7.534280615384612e-05,0.26450254615384616,1232.8,1295.2,1232.6,1294.4,0.0,0.0,0.0,0.0,0.0,0.0,0.0,0.0,-0.0102531165,-0.048203226,-0.00412792895,-1.7962498999999998,-0.022146197,-9.6695835,16.114363461538463,24.895324076923078,101131.60923076923,0.9938075630769231,-0.0008500520723076923,-0.11109517461538462,-0.001915815576923077,7.2364524,0.131033824,-15.0579014,2.41802772,-0.006599460200000001,-0.024647389199999998,0.37386329,-0.0338230098,0.39749184400000004,4921.256249999874,5675.862597656628,4922.620214843553,5669.774121093834,"1,1,15",0
513,40086000,45.484000000000364,-0.0002084496675,-0.04611065125,-6.987477374999999e-05,0.264513475,1232.3,1295.7,1231.6,1295.4,0.0,0.0,0.0,0.0,0.0,0.0,0.0,0.0,-0.0023967987,-0.054594812500000006,-0.0017310359500000002,-1.7776949000000002,-0.0347157625,-9.540894999999999,16.173050961538465,24.89531330769231,101130.91592307691,0.9936681925,-0.0010286571125,-0.11233236333333334,-0.001988719208333333,7.35909215,0.130352184,-15.0584974,2.43883652,-0.0074922957,-0.0270497747,0.37555100900000005,-0.034655695,0.396475134,4916.398291015621,5672.013720702967,4919.022558593807,5664.501855468618,"1,1,15",0
514,40136000,45.53400000000036,-0.00037235844153846154,-0.04676767,0.00012145928153846155,0.2641577769230769,1231.6,1296.0,1230.8,1296.2,0.0,0.0,0.0,0.0,0.0,0.0,0.0,0.0,0.007989526,-0.051931642,-0.0031958055,-1.9105732,-0.05985488,-9.714474,16.098112307692308,24.895302538461536,101131.77707692307,0.9935103,-0.0009652079876923078,-0.11372126692307692,-0.0019615910615384613,7.48244432,0.129662008,-15.0593934,2.45892824,-0.0085897948,-0.0297126848,0.376191846,-0.0359739978,0.395115348,4914.58339843722,5665.852050781602,4913.939062499627,5666.169140625248,"1,1,15",0
515,40186000,45.584000000000366,-0.00033739605125,-0.048335869375,-3.172447500000002e-05,0.2639729575,1230.6,1296.0,1230.3,1296.7,0.0,0.0,0.0,0.0,0.0,0.0,0.0,0.0,0.009853688,-0.0403468965,0.0009321402,-1.88782825,-0.03651141,-9.747992499999999,16.064164076923078,24.89529123076923,101132.1776923077,0.993388975,-0.0008339025091666666,-0.11477699066666668,-0.0019683812916666665,7.60686512,0.128959028,-15.0607394,2.47794434,-0.0099942893,-0.0327663818,0.378304776,-0.034879502199999995,0.39589629400000004,4895.840966796888,5683.978125000005,4893.340722656251,5683.570556640623,"1,1,15",0
516,40236000,45.63400000000037,1.566926461538462e-05,-0.04831096,-0.00018959081730769232,0.2636705353846154,1229.8,1296.2,1229.8,1297.0,0.0,0.0,0.0,0.0,0.0,0.0,0.0,0.0,-0.00346209,-0.052197956,-0.0023969286,-1.9273326,0.049081303,-9.70849,16.10714069230769,24.895280384615386,101131.67,0.9932360499999999,-0.0006449613124999999,-0.11609406008333334,-0.0019351497916666666,7.73190988,0.12816392399999998,-15.062085199999999,2.4967007,-0.010630882,-0.034612732,0.37786033999999996,-0.0368456184,0.394301542,4895.892675780869,5674.245312500408,4894.1661132809095,5673.0112304691265,"1,1,15",0
517,40286000,45.68400000000037,0.00015748474750000002,-0.049557019,2.2089034374999996e-05,0.2635594625,1229.3,1296.7,1229.3,1297.0,0.0,0.0,0.0,0.0,0.0,0.0,0.0,0.0,0.00532632475,-0.0552606005,-0.0019307608249999999,-1.9405006,-0.014664317500000001,-9.702801875,16.13043546153846,24.8952685,101131.39403846154,0.9930805961538461,-0.0006628586780769231,-0.11741585788461538,-0.0019334326346153847,7.85789058,0.12723063399999998,-15.0634307,2.51506745,-0.010115622,-0.034648062,0.379990493,-0.034634697799999996,0.394003741,4879.33144531257,5686.461230468647,4879.4890624999925,5688.769921874961,"1,1,15",0
518,40336000,45.734000000000364,-0.00036461527846153843,-0.04925934015384616,0.0003284248461538461,0.2635895615384616,1228.8,1297.2,1229.0,1297.0,0.0,0.0,0.0,0.0,0.0,0.0,0.0,0.0,-0.0010653688,-0.061785344,3.2397903e-08,-1.9680338,0.019153783,-9.594765,16.15806407692308,24.895255384615385,101131.08269230768,0.9928911153846154,-0.0006313495323076923,-0.11900774923076922,-0.0019375866307692307,7.984252,0.126291494,-15.064281,2.53372548,-0.0098226896,-0.0343730886,0.380413886,-0.0341134926,0.391535324,4884.352636718436,5685.116992187811,4883.199511718538,5681.622851562952,"1,1,15",0
519,40386000,45.78400000000037,-0.000135421225,-0.05037208375,0.0002859783625,0.2637211,1228.3,1297.7,1229.0,1297.0,0.0,0.0,0.0,0.0,0.0,0.0,0.0,0.0,0.005326303399999999,-0.0573911335,0.0025300295,-1.9752163999999999,-0.037708508,-9.656414,16.149938115384614,24.895242500000002,101131.19423076924,0.9927161208333334,-0.0006029099974999999,-0.12045963999999999,-0.0019487862375,8.1111845,0.125343579,-15.0643885,2.55282043,-0.0098632486,-0.033632660099999996,0.384319313,-0.0341989599,0.390766871,4874.149072265603,5694.713232421745,4870.190380859408,5700.7409667969,"1,1,15",0
520,40436000,45.83400000000037,0.00036577636153846155,-0.05032765846153846,-0.0002095603923076923,0.2635772846153846,1227.8,1298.4,1228.4,1297.4,0.0,0.0,0.0,0.0,0.0,0.0,0.0,0.0,-0.0021305734,-0.071106404,0.00026626885,-1.954866,0.017956682,-9.651029,16.119420076923078,24.89523,101131.55538461538,0.9925101561538461,-0.0006411713792307692,-0.1221458753846154,-0.0018891174923076923,8.2386898,0.1246422868,-15.0644804,2.5716160599999998,-0.0096491038,-0.0333651924,0.384122452,-0.0331127818,0.389294284,4879.71494140609,5683.560937500285,4882.180273437267,5683.915625000269,"1,1,15",0
521,40486000,45.88400000000037,-0.0002732238625,-0.05267514125,-4.8419102500000036e-05,0.2636087675,1227.3,1299.4,1226.9,1298.4,0.0,0.0,0.0,0.0,0.0,0.0,0.0,0.0,-0.0039947352,-0.039015316499999994,-0.0051931358,-2.0614078,-0.0317230105,-9.645042499999999,16.0898055,24.895217,101131.9025,0.9923456422727273,-0.0006702360886363636,-0.12347528181818182,-0.0018696630181818182,8.3670543,0.1243109288,-15.0645489,2.58996271,-0.0090529033,-0.0338071659,0.384365436,-0.0338122071,0.389494033,4858.2236328125,5703.2080078125,4864.27001953125,5707.85107421875,"1,1,15",0
522,40536000,45.93400000000037,-0.0005492739461538461,-0.05329249807692308,0.00018087844076923072,0.26370070307692306,1227.0,1300.2,1226.0,1299.0,0.0,0.0,0.0,0.0,0.0,0.0,0.0,0.0,-0.0026631446,-0.062051658,5.014796e-08,-2.0805616,-0.049080968,-9.497798,16.075359846153845,24.895204,101132.08576923076,0.9922011071428571,-0.00069403208,-0.12463044428571429,-0.0019046997428571427,8.49616,0.1240803984,-15.0647338,2.60801612,-0.00846427272,-0.033852268,0.38462393,-0.035626224600000006,0.388093324,4860.3822265622875,5707.155273437696,4856.578906249814,5706.426562500342,"1,1,15",0
523,40586000,45.98400000000037,-0.0002550506,-0.05420420425,2.3754518750000004e-05,0.26394675,1227.0,1300.7,1226.0,1299.0,0.0,0.0,0.0,0.0,0.0,0.0,0.0,0.0,-0.000932063210708,-0.058855867,-0.0057258201,-2.09313105,-0.009576641,-9.5265295,16.11021076923077,24.895190653846154,101131.67615384614,0.9920290645833333,-0.0006678240158333334,-0.12599341333333333,-0.0018727224291666667,8.6263775,0.1240011094,-15.0650933,2.62562967,-0.00788699702,-0.033302063,0.385866442,-0.033406159899999996,0.387433676,4850.265136718858,5725.366650390678,4843.044482421874,5726.507177734271,"1,1,15",0
524,40636000,46.034000000000376,0.00018903409384615386,-0.053621728,0.0005967274923076922,0.26390964615384616,1226.6,1301.4,1225.6,1299.6,0.0,0.0,0.0,0.0,0.0,0.0,0.0,0.0,-0.0047936463,-0.081226416,-0.0015979788,-2.1164749,0.010774075,-9.543287,16.15264576923077,24.895176615384614,101131.15884615385,0.9918075725,-0.0007631403641666667,-0.12772325333333334,-0.0019397037416666668,8.7574314,0.1237419588,-15.0654886,2.6439636600000003,-0.00759697688,-0.0331386634,0.387496522,-0.0329059474,0.38491180399999997,4864.152343749983,5709.678710937333,4861.606933593863,5705.549707031211,"1,1,15",0
525,40686000,46.08400000000037,4.838004e-05,-0.055729772250000004,0.0007022614125,0.264017905,1225.6,1302.4,1224.6,1301.1,0.0,0.0,0.0,0.0,0.0,0.0,0.0,0.0,-0.00039947602499999996,-0.051132701,-0.00386155865,-2.10869345,0.021547985,-9.687539000000001,16.150659423076924,24.89516280769231,101131.18730769231,0.991600135,-0.0008788630926923077,-0.12932252884615386,-0.001991184519230769,8.8897399,0.12321301579999999,-15.0659376,2.66337831,-0.00773784008,-0.0335554719,0.389519193,-0.0343957955,0.38445421,4844.03344726548,5738.244824218864,4839.560595703033,5727.27192382815,"1,1,15",0
526,40736000,46.13400000000037,-7.877617307692307e-05,-0.056284115999999995,0.0006349838692307693,0.2640369223076923,1224.8,1303.0,1224.0,1302.2,0.0,0.0,0.0,0.0,0.0,0.0,0.0,0.0,0.0045273723,-0.05006744,0.0018642513,-2.1284459,-0.02035055,-9.419987,16.131337692307692,24.89514776923077,101131.41423076922,0.9914412916666666,-0.0009308549083333333,-0.13053387333333336,-0.0020669790416666667,9.0227758,0.122580226,-15.066717200000001,2.68211744,-0.0085812559,-0.03374794,0.39008095,-0.034105899200000005,0.3849723,4841.554589843829,5732.870996093634,4841.28056640635,5728.105664062501,"1,1,15",0
527,40786000,46.184000000000374,-0.00023971177999999998,-0.05717369225,0.00021068036750000003,0.26429785625,1224.3,1303.0,1224.0,1302.7,0.0,0.0,0.0,0.0,0.0,0.0,0.0,0.0,0.003462125575,-0.04494085325,0.003062609545,-2.182614675,-0.0730229875,-9.626487,16.113641153846157,24.895131692307693,101131.59807692308,0.9912765575,-0.0008617929875,-0.1317790975,-0.00203946015,9.156902800000001,0.12179166599999999,-15.067992700000001,2.69984329,-0.01047850065,-0.0336038975,0.391820865,-0.034782495,0.382442789,4825.379687499809,5757.354687500141,4826.75932617182,5760.63364257838,"1,1,15",0
528,40836000,46.23400000000038,-0.00010767301076923076,-0.056734806,-0.00028427984692307694,0.26406738076923075,1223.6,1303.4,1223.6,1303.2,0.0,0.0,0.0,0.0,0.0,0.0,0.0,0.0,0.004527417000000001,-0.081359578,0.000399474947375,-2.27568865,0.011372625,-9.4894195,16.124114846153848,24.895116076923074,101131.46923076923,0.9910778228571429,-0.0007883151857142857,-0.13326580714285713,-0.001961337657142857,9.2916504,0.12095181199999999,-15.069000800000001,2.7179833,-0.011971813,-0.0333021384,0.392872206,-0.0332109616,0.38083376,4835.45302734393,5733.3480468748085,4842.160742187588,5738.213867187265,"1,1,15",0
529,40886000,46.284000000000376,-0.000168334975,-0.05839257475,-5.3728519999999994e-05,0.26405453875,1222.6,1304.4,1222.6,1303.7,0.0,0.0,0.0,0.0,0.0,0.0,0.0,0.0,0.0018641670500000001,-0.051665328499999996,-0.0029295320000000003,-2.2421699,0.00478856941527,-9.482835999999999,16.113281,24.89509973076923,101131.60480769232,0.9908332941666667,-0.0006784766266666667,-0.13507437125,-0.0019288085041666667,9.427328900000001,0.120035017,-15.0696078,2.73674455,-0.012859226750000001,-0.0327638044,0.39376189300000003,-0.0343443296,0.379242229,4820.250244140482,5758.845751953515,4814.957031249666,5755.681689453336,"1,1,15",0
530,40936000,46.33400000000037,-0.00018024779230769232,-0.05765259984615385,3.3589172307692304e-05,0.26375388923076926,1221.6,1305.0,1221.8,1304.2,0.0,0.0,0.0,0.0,0.0,0.0,0.0,0.0,-0.0010652508657427,-0.062184819,-0.0009321498,-2.2691048,-0.0083795382,-9.6151155,16.118337,24.895083538461538,101131.56115384615,0.9906486992307693,-0.00060976256,-0.13642230153846152,-0.0019362162846153846,9.5641944,0.119101146,-15.0700358,2.75614954,-0.0133960352,-0.0333925212,0.39509422,-0.034164049599999996,0.3806204,4821.3811523438035,5755.676562499913,4819.309667968836,5751.44335937484,"1,1,15",0
531,40986000,46.38400000000038,-0.000291457765,-0.0577559125,-0.0003014531749375,0.26337733625000004,1220.6,1305.0,1221.3,1304.7,0.0,0.0,0.0,0.0,0.0,0.0,0.0,0.0,1.3999999999895173e-09,-0.0495348075,0.00159785532,-2.2732944,-0.011970841749999999,-9.6372615,16.142353,24.89506769230769,101131.2526923077,0.9904434622727273,-0.00054392415,-0.13790529499999998,-0.0019080283909090909,9.7028404,0.11814166100000001,-15.0701953,2.77652014,-0.0134069357,-0.0357718142,0.39532839,-0.034253036199999996,0.37542117199999997,4806.097753905898,5759.344628906626,4810.855126952879,5763.035791015924,"1,1,15",0
532,41036000,46.43400000000038,0.00010101232923076924,-0.059460705384615384,0.00012565331676923076,0.26327996076923077,1220.0,1305.4,1220.8,1305.4,0.0,0.0,0.0,0.0,0.0,0.0,0.0,0.0,-0.0021306055,-0.043675847,0.0034621118,-2.3834279,0.046687108,-9.522938,16.115447846153845,24.895048692307693,101131.55692307692,0.99028019,-0.0005321273428571428,-0.13907233142857142,-0.0018836911857142856,9.842308599999999,0.117013026,-15.0706888,2.796059,-0.013728599400000001,-0.0367699406,0.396863148,-0.0330839988,0.374811208,4796.3466796875,5767.970703125,4795.9033203125,5765.4658203125,"1,1,15",0
533,41086000,46.48400000000038,6.66570075e-05,-0.060021796375,0.000255294416875,0.26346662875,1220.0,1306.4,1220.3,1306.4,0.0,0.0,0.0,0.0,0.0,0.0,0.0,0.0,0.0027963613621715,-0.046671903249999994,0.00026634204999999994,-2.356792525,-0.03920488949999999,-9.462785,16.14253346153846,24.89503226923077,101131.26653846154,0.9901129922727273,-0.0005117574363636364,-0.14025910545454545,-0.0018784627363636365,9.9830101,0.115630666,-15.0716833,2.81435025,-0.0145164079,-0.0356963171,0.3963246,-0.0331481517,0.376013523,4787.59726562476,5781.990283203539,4786.534667968541,5781.790625000477,"1,1,15",0
534,41136000,46.534000000000376,0.0003312073892307692,-0.06060258123076923,0.00016920792769230768,0.26363715615384614,1219.8,1307.0,1219.6,1307.2,0.0,0.0,0.0,0.0,0.0,0.0,0.0,0.0,-0.0039946986,-0.06791063,-0.0031958676,-2.4061732,-0.02394185,-9.6522255,16.16962,24.895014,101130.93,0.9899108999999999,-0.0005134829646153845,-0.14167673692307692,-0.0018387804999999999,10.12420208695652,0.11453260326086956,-15.072854347826086,2.8327790652173914,-0.015304439304347826,-0.03614113147826087,0.39957815999999996,-0.035085450399999996,0.3742013,4788.222949218889,5779.713769531038,4796.40605468761,5779.607128905933,"1,1,15",0
535,41186000,46.58400000000038,1.3434212499999958e-05,-0.060334460625,0.00017039653762499998,0.26321485625,1219.3,1307.0,1218.6,1307.7,0.0,0.0,0.0,0.0,0.0,0.0,0.0,0.0,0.008921561,-0.063915875,0.0065247952,-2.4732106,-0.014963594,-9.4918145,16.16510557692308,24.89499573076923,101130.9876923077,0.9896432030769231,-0.0005018490234615384,-0.14353564384615386,-0.0018351963615384614,10.266129804347827,0.11386098641304347,-15.074290217391304,2.8514142282608694,-0.01609280506521739,-0.03886360267391304,0.399773222,-0.0337807259,0.37277598,4781.056494140279,5776.789843750239,4784.371044921543,5785.372656250536,"1,1,15",0
536,41236000,46.634000000000384,-0.00018615605,-0.06211963423076923,-6.023421846153847e-06,0.2632831807692308,1218.6,1307.4,1217.8,1308.2,0.0,0.0,0.0,0.0,0.0,0.0,0.0,0.0,0.0071905213,-0.056459025,0.004261024,-2.4145525,-0.062249076,-9.542091,16.203929615384617,24.894979307692306,101130.54692307692,0.9894191169230769,-0.00031671613307692305,-0.14507335384615383,-0.001798279776923077,10.409064777777779,0.1130700111111111,-15.075603074074074,2.8699605555555556,-0.016864601555555553,-0.038966655259259256,0.39991413600000003,-0.034073246200000004,0.370575736,4777.62167968747,5786.268847656235,4776.091796875048,5789.011230468679,"1,1,15",0
537,41286000,46.68400000000038,0.00016329492125,-0.062461300625,0.00016499221,0.26333615375,1217.6,1308.4,1217.3,1308.7,0.0,0.0,0.0,0.0,0.0,0.0,0.0,0.0,0.00672442975,-0.0587227155,-0.002197055475,-2.5088244,-0.018554899125,-9.49241175,16.19887346153846,24.89496030769231,101130.56307692308,0.9891877845454545,-0.00025193448090909086,-0.14664319818181817,-0.0018103183454545454,10.552791166666667,0.11218525416666666,-15.076819277777778,2.8884370833333333,-0.017623379333333335,-0.03701159322222222,0.402696204,-0.034044673399999996,0.369798013,4772.687158202955,5793.492041015909,4771.546533202851,5788.897070312729,"1,1,15",0
538,41336000,46.73400000000038,-0.00024565690615384615,-0.0639840576923077,0.00047299849615384617,0.2633777369230769,1217.0,1309.4,1216.6,1309.2,0.0,0.0,0.0,0.0,0.0,0.0,0.0,0.0,0.0071905438,-0.057524282499999996,0.00039949868,-2.520496,0.011971173499999998,-9.4026285,16.189844615384615,24.894942769230767,101130.70538461539,0.9889903428571428,-0.00011617824428571428,-0.1479679242857143,-0.0018275272285714285,10.697143739130436,0.11118872260869565,-15.078294869565218,2.906616108695652,-0.01793277404347826,-0.035387271,0.40288986200000004,-0.0353776656,0.369440598,4765.237988281383,5802.221582031136,4759.624707031239,5803.231542968633,"1,1,15",0
539,41386000,46.78400000000038,-0.00047995629375,-0.06398859999999999,0.00043108482125,0.26339144375,1217.0,1310.4,1215.6,1309.7,0.0,0.0,0.0,0.0,0.0,0.0,0.0,0.0,0.00093210703,-0.066312715,0.00266313015,-2.5659858499999997,0.0448914525,-9.509171,16.12393403846154,24.894925461538463,101131.4973076923,0.9887570941666667,5.141639429166667e-05,-0.14951895958333333,-0.0018537595833333334,10.842435586956523,0.11002452913043478,-15.080159543478262,2.9243488804347826,-0.017568094152173915,-0.0342590585,0.404469584,-0.034048352000000004,0.36692835,4762.81943359343,5802.979248047108,4757.599121093617,5804.056201172161,"1,1,15",0
540,41436000,46.83400000000039,-6.060520769230767e-05,-0.0654791746153846,0.0002344670169230769,0.2636072769230769,1216.6,1311.2,1214.8,1310.4,0.0,0.0,0.0,0.0,0.0,0.0,0.0,0.0,-0.008522077,-0.05832323,-0.005326332,-2.54384,0.010774072,-9.40203,16.169981153846155,24.894907384615383,101130.91846153846,0.9885476066666666,4.053372858333333e-05,-0.15089716583333332,-0.00187713865,10.988810259259258,0.10850614185185185,-15.082169481481483,2.9429206703703703,-0.016938002666666667,-0.03285679211111111,0.40486976799999996,-0.0331664972,0.36725438,4757.017382812628,5815.806835937314,4749.525976562629,5816.544140624849,"1,1,15",0
541,41486000,46.884000000000384,0.00022571557500000004,-0.0654020875,-6.0913213750000004e-05,0.263485855,1215.6,1311.7,1214.3,1311.4,0.0,0.0,0.0,0.0,0.0,0.0,0.0,0.0,-0.0085221565,-0.06791061949999999,0.0036617925000000003,-2.5728693,0.017956678875,-9.3786875,16.191831692307694,24.894889115384615,101130.64615384616,0.9882803546153847,-0.0001518703703846154,-0.15263755846153845,-0.0019007324692307693,11.136035722222221,0.10670945944444445,-15.084293555555556,2.962151688888889,-0.0160993735,-0.031239197666666666,0.408335476,-0.0335406729,0.365122862,4760.622753906154,5800.405957031223,4764.358691406292,5798.4225097656235,"1,1,15",0
542,41536000,46.93400000000038,-4.6121911538461535e-05,-0.06776264807692307,0.00037842441076923084,0.2636744530769231,1214.6,1312.0,1214.0,1312.2,0.0,0.0,0.0,0.0,0.0,0.0,0.0,0.0,-0.0065247472,-0.038615843,-0.0055926323,-2.6084830500000002,-0.029927362,-9.329607249999999,16.180094461538463,24.894870846153847,101130.81692307693,0.9880812153846155,-0.0003303711784615385,-0.15392137230769232,-0.0018683329769230768,11.2842486,0.10491759,-15.0867372,2.98105544,-0.0158822852,-0.0306234016,0.40721862600000003,-0.034121172000000005,0.364554564,4733.000390625005,5838.124316406274,4733.13222656259,5833.646679687397,"1,1,15",0
543,41586000,46.984000000000385,7.855484399999998e-05,-0.067501931875,0.00040791910749999997,0.2635099875,1213.6,1312.0,1214.0,1312.7,0.0,0.0,0.0,0.0,0.0,0.0,0.0,0.0,-0.00026631610771000005,-0.07203851,-0.00079893067923,-2.6270381,-0.025138953999999998,-9.5187495,16.180455615384616,24.894853884615383,101130.83788461538,0.9878701416666666,-0.0004243766316666667,-0.15526923833333334,-0.0019453089875,11.4339426,0.10313294,-15.0896602,2.99946829,-0.0165975082,-0.031510303100000005,0.409235821,-0.0341529602,0.363751355,4749.264062500087,5821.328613281032,4743.789550781299,5812.035937499853,"1,1,15",0
544,41636000,47.03400000000039,-0.0002063064290769231,-0.06941159846153847,-0.00022388401846153846,0.26318035384615385,1212.8,1312.2,1213.4,1313.0,0.0,0.0,0.0,0.0,0.0,0.0,0.0,0.0,0.0010653636,-0.0561927,-0.0018641944,-2.7281928,-0.058657784,-9.385273,16.16637,24.89483630769231,101130.96807692308,0.9876285166666666,-0.00038345637166666664,-0.15679906666666668,-0.00192771655,11.5842666,0.10141016,-15.0933238,3.01746646,-0.0171412588,-0.0319304342,0.410292626,-0.03478121,0.361578716,4721.717675781303,5837.128027343713,4721.095703125013,5836.076074218603,"1,1,15",0
545,41686000,47.08400000000039,-0.00038820616874999997,-0.06965447025,4.462558375e-05,0.2628815625,1212.3,1312.7,1211.9,1313.0,0.0,0.0,0.0,0.0,0.0,0.0,0.0,0.0,-0.0014646943,-0.0660464,0.0014646512499999998,-2.7377696,0.0155624785,-9.4798425,16.179912884615387,24.89481803846154,101130.79307692307,0.9873856625,-0.0002868607475,-0.1583214675,-0.00190585505,11.7355356,0.09978018500000001,-15.0980983,3.03484261,-0.0174278008,-0.03165040970000001,0.410555735,-0.0347789754,0.36051843,4720.588818359336,5825.288867187391,4727.537353515739,5828.653662109334,"1,1,15",0
546,41736000,47.134000000000384,-0.00016774229615384615,-0.07062457553846153,1.0132622692307694e-05,0.2625533346153846,1211.2,1312.8,1210.6,1312.8,0.0,0.0,0.0,0.0,0.0,0.0,0.0,0.0,0.010652641,-0.0628506,0.0042610746,-2.706645,0.015562473,-9.302672,16.16239746153846,24.894800846153846,101130.99923076923,0.9871397571428571,-0.00023639163857142858,-0.15984761,-0.0018228087857142857,11.8876378,0.09836201,-15.1031938,3.0531960000000002,-0.0174318368,-0.0314752744,0.412625764,-0.033441358,0.356861046,4701.377734375094,5837.746484374878,4699.761718750053,5848.551464843656,"1,1,15",0
547,41786000,47.18400000000039,0.00030495544625000004,-0.07035717525,-0.000116344651875,0.26188162625,1209.2,1312.3,1209.6,1312.3,0.0,0.0,0.0,0.0,0.0,0.0,0.0,0.0,-0.0099869135,-0.0692421905,0.0017309850981149998,-2.7802669499999997,-0.010773747500000002,-9.2966875,16.195443,24.894784,101130.60500000001,0.9868534666666666,-0.00017326034458333333,-0.16160820541666668,-0.0017525049041666667,12.0409898,0.097261535,-15.1087708,3.07301525,-0.0170121138,-0.031457472900000005,0.413408193,-0.0339605024,0.357380265,4707.172802734353,5821.930175781185,4716.5846679689,5825.8067871092,"1,1,15",0
548,41836000,47.23400000000039,0.0006202288092307692,-0.07266110938461538,-0.00016709320307692306,0.2610756507692308,1207.8,1312.2,1208.6,1312.2,0.0,0.0,0.0,0.0,0.0,0.0,0.0,0.0,0.0002663264,-0.03888216,-0.0002662890500000001,-2.75991625,-0.02513895615,-9.235635,16.206818846153848,24.89476807692308,101130.50153846154,0.9866214030769231,-0.0003662329376923077,-0.16301890384615383,-0.0017139322384615383,12.1950812,0.096374716,-15.1144032,3.0921767200000003,-0.016865208399999998,-0.0300475092,0.414261702,-0.031620756800000004,0.35731604,4668.2554687499405,5839.157421875057,4675.594140624885,5840.526367187582,"1,1,15",0
549,41886000,47.28400000000039,0.00033848227175000003,-0.073021759,-0.00010688163443750001,0.2608792125,1207.3,1312.7,1207.6,1312.7,0.0,0.0,0.0,0.0,0.0,0.0,0.0,0.0,-0.0017310555000000002,-0.0557932335,-0.00306259585,-2.7874495,0.034716093,-9.3445715,16.160049423076924,24.8947545,101131.06807692308,0.9864317116666667,-0.0004240863895833333,-0.16416270541666667,-0.00171273705,12.3502817,0.095808381,-15.120118699999999,3.11035152,-0.0171275294,-0.0265493022,0.414527896,-0.0338097497,0.354958734,4674.445214843911,5838.296240234351,4674.9708984375075,5832.996093749946,"1,1,15",0
550,41936000,47.33400000000039,-7.61357796923077e-05,-0.07401054938461539,-1.3602325615384617e-05,0.2607207269230769,1206.8,1313.0,1206.8,1313.0,0.0,0.0,0.0,0.0,0.0,0.0,0.0,0.0,0.008788443,-0.050333746,0.00026632735,-2.843115,-0.021547658,-9.136273,16.17901,24.894742384615384,101130.82,0.9862156524444444,-0.0003427268111111111,-0.1654548648888889,-0.0017417941044444445,12.506232200000001,0.0954245592,-15.1256082,3.1279428,-0.016951214000000003,-0.02299851,0.415048858,-0.0356022514,0.353859814,4650.725195312556,5852.30810546867,4648.178027343802,5850.857226562551,"1,1,15",0
551,41986000,47.38400000000039,-0.00025346308125,-0.07397990475,-3.583450925e-05,0.26054693875,1206.3,1313.0,1206.3,1313.0,0.0,0.0,0.0,0.0,0.0,0.0,0.0,0.0,0.00692442155,-0.077098497,0.0009319204999999999,-2.8664581,1.6250000000120335e-07,-9.3248185,16.195261923076924,24.89473119230769,101130.61923076924,0.9859553647272727,-0.00021151491872727272,-0.16699861563636365,-0.0016838077127272727,12.6633077,0.0953145072,-15.1307587,3.1446588,-0.016116944,-0.01936884,0.417272127,-0.0335346567,0.35368909600000004,4666.000488281399,5836.000537109176,4662.816064453204,5845.369677734319,"1,1,15",0
552,42036000,47.434000000000395,-0.00014648061923076925,-0.07567914753846154,-8.356363646153846e-05,0.25983153923076924,1205.8,1313.4,1205.6,1313.2,0.0,0.0,0.0,0.0,0.0,0.0,0.0,0.0,-0.009054727,-0.04181164,0.00026629158,-2.8921962,-0.057460677,-9.187751,16.21295876923077,24.89472153846154,101130.41384615385,0.9856518884615385,-0.00018720096307692308,-0.16878236538461538,-0.001646167853846154,12.821020599999999,0.0954646048,-15.1348414,3.16148508,-0.0151246256,-0.015842518,0.41712538,-0.0325836648,0.351684424,4636.408593749775,5848.52294921887,4637.377246093484,5849.1865234375655,"1,1,15",0
553,42086000,47.48400000000039,-3.518688624999998e-05,-0.07658809125,-4.193675000000005e-06,0.2597746575,1205.3,1314.4,1204.6,1313.7,0.0,0.0,0.0,0.0,0.0,0.0,0.0,0.0,-0.001930771975,-0.0550608625,-0.000399472828696,-2.99724165,-0.018255627750000003,-9.2425165,16.17864957692308,24.894714384615384,101130.84942307691,0.9854493668181818,-0.00031416486136363637,-0.1699606668181818,-0.001684682909090909,12.979689599999999,0.0960049268,-15.1373224,3.17847678,-0.0138952346,-0.012471218,0.41819206600000003,-0.034423196200000006,0.35252199100000003,4629.618652343831,5847.794677734254,4629.943945312538,5849.040966796828,"1,1,15",0
554,42136000,47.53400000000039,-0.00018226346076923077,-0.07738843538461539,0.00010452405000000001,0.25992342,1204.8,1315.2,1204.0,1314.2,0.0,0.0,0.0,0.0,0.0,0.0,0.0,0.0,-0.0093210705,-0.055660075,0.00106524975,-2.9125468999999997,0.023343633500000002,-9.257779500000002,16.17034230769231,24.894709307692306,101130.9076923077,0.9851982846153846,-0.0003977194223076923,-0.17140867538461538,-0.001733154976923077,13.1389312,0.09658707300000001,-15.139397800000001,3.1953687,-0.0130756988,-0.0086917402,0.42116085600000003,-0.0336253944,0.350226232,4616.1035156249245,5865.471289062527,4615.214843749905,5865.229687500021,"1,1,15",0
555,42186000,47.584000000000394,0.00013331153750000002,-0.07737054125000001,7.823638250000002e-05,0.2600452525,1204.3,1315.7,1204.0,1314.7,0.0,0.0,0.0,0.0,0.0,0.0,0.0,0.0,-0.0043942512,-0.070307465,-0.00346207375,-3.00592065,-0.0586577865,-9.21049425,16.196526153846154,24.894706615384614,101130.60576923077,0.9849208288461538,-0.0005370686307692307,-0.17299476692307691,-0.0017917852807692307,13.2990317,0.09723195550000001,-15.140864800000001,3.21211095,-0.0128709458,-0.004299995700000001,0.420513001,-0.0339852583,0.348173856,4624.861181640785,5862.688281250048,4621.06000976567,5855.724121093589,"1,1,15",0
556,42236000,47.6340000000004,-0.00010480932307692305,-0.07866015,0.00020859705576923077,0.2604093630769231,1204.4,1315.8,1204.4,1315.0,0.0,0.0,0.0,0.0,0.0,0.0,0.0,0.0,0.0005326047,-0.065247452,-0.0050599982499999994,-3.0472207,0.0017958124999999936,-9.22545775,16.229211384615386,24.894705307692305,101130.22846153847,0.9845887461538462,-0.0006221729484615384,-0.17487362230769232,-0.0019350197,13.462567,0.09771710395833333,-15.141787083333334,3.2291423,-0.01227617525,0.0010598251666666671,0.42325893600000003,-0.0343861388,0.345939334,4617.595898437444,5880.394335937523,4612.5600585936645,5871.259667968972,"1,1,15",0
557,42286000,47.684000000000395,-0.00071029475,-0.07795343875,5.6173450625e-05,0.260790235,1205.4,1315.3,1205.4,1315.0,0.0,0.0,0.0,0.0,0.0,0.0,0.0,0.0,0.0043942431,-0.0743021925,-0.00159799918,-3.08313375,0.0281320345,-9.214685,16.220724153846152,24.89470723076923,101130.3351923077,0.9843013083333333,-0.00043056268291666663,-0.17648498333333335,-0.0019370357458333334,13.6312545,0.09796265135416667,-15.141892291666666,3.2466073,-0.011096378375,0.007871760583333335,0.424440908,-0.0331002517,0.345611113,4629.781591797082,5874.372412109286,4615.742089843911,5876.166162109204,"1,1,15",0
558,42336000,47.73400000000039,-0.00014406625153846157,-0.07867824307692307,0.0002472050223076923,0.26134246384615384,1206.0,1315.4,1206.2,1315.2,0.0,0.0,0.0,0.0,0.0,0.0,0.0,0.0,-0.00452741,-0.054861125,0.0010652328,-3.050213,-0.020350555,-9.085995,16.216208923076923,24.89470923076923,101130.378,0.9840085833333333,-0.00043037899083333333,-0.1781092475,-0.0020054742249999997,13.79742392,0.09860380016,-15.141767,3.264059028,-0.010100955679999999,0.013039147400000001,0.425272924,-0.034050125800000004,0.342997426,4624.307031249739,5893.616992187857,4615.964257812359,5894.063964844289,"1,1,15",0
559,42386000,47.7840000000004,0.00041080755125000003,-0.07981416625,0.00029885957024999995,0.26194027375,1206.0,1316.4,1206.7,1315.7,0.0,0.0,0.0,0.0,0.0,0.0,0.0,0.0,-0.00872180675,-0.0546613915,0.0016644698968934996,-3.0484174250000002,0.007781317500000003,-9.297283,16.21277892307692,24.89471223076923,101130.40384615384,0.9837865888461539,-0.0006235457903846154,-0.17932925269230768,-0.002034219469230769,13.96086542,0.09967351716,-15.141392,3.281496378,-0.00930527168,0.0164249399,0.425757367,-0.033516475299999994,0.343512799,4613.573828124971,5913.333105468692,4614.052978515735,5916.3017578125355,"1,1,15",0
560,42436000,47.8340000000004,0.0006942533023076923,-0.07934036769230769,-6.857194369230769e-05,0.26216663384615385,1205.8,1317.2,1206.8,1316.6,0.0,0.0,0.0,0.0,0.0,0.0,0.0,0.0,-0.009720549,-0.06897586950000001,-0.0010652981499999995,-3.1603465,0.0544682625,-9.243414,16.235352,24.894718,101130.15,0.983488256923077,-0.0008676248769230769,-0.18095752615384617,-0.002081129023076923,14.12483804,0.10093110856,-15.14144948,3.298766328,-0.0084581828,0.01871105624,0.427139894,-0.034001301,0.341390924,4620.408300781049,5917.372753906666,4624.310546874797,5910.562597656649,"1,1,15",0
561,42486000,47.8840000000004,0.00031818018625,-0.0809215475,-0.0002632304375,0.2625826625,1205.3,1317.7,1206.3,1318.1,0.0,0.0,0.0,0.0,0.0,0.0,0.0,0.0,-0.0025299848889765,-0.068975892,-0.004926815750000001,-3.1800988500000003,0.019153778,-9.2547885,16.248893346153846,24.894721846153846,101129.99038461538,0.9831990291666667,-0.0010729190666666666,-0.18252084916666667,-0.0021396742791666666,14.28938604,0.10239223056,-15.14197548,3.315854928,-0.0075554053,0.01980585674,0.427868983,-0.0332787097,0.34052104,4620.14042968769,5928.056054687416,4615.305126953066,5924.596093749942,"1,1,15",0
562,42536000,47.934000000000395,0.00027415392023076926,-0.08148206384615385,-0.0006082415961538462,0.26284120384615384,1205.0,1318.2,1206.0,1319.2,0.0,0.0,0.0,0.0,0.0,0.0,0.0,0.0,-0.006391729,-0.06791061,0.0047937026,-3.1914713,-0.008379545,-9.324219,16.188762076923076,24.894727538461538,101130.72799999999,0.9828752769230769,-0.0011433162615384614,-0.1842556823076923,-0.0021424005153846152,14.45451916,0.10365312944,-15.14222332,3.3330713519999997,-0.0066879558,0.02081432276,0.429706604,-0.0347100364,0.339269168,4616.132910156077,5931.699902344142,4616.976074218577,5935.111816406562,"1,1,15",0
563,42586000,47.9840000000004,8.7238377875e-05,-0.08273405562500001,-0.00053435472875,0.2632266625,1205.0,1318.7,1206.0,1319.7,0.0,0.0,0.0,0.0,0.0,0.0,0.0,0.0,-0.008588686425,-0.070573769,0.002330336575,-3.230675975,0.02154797825,-9.219471875,16.208625615384616,24.894734192307695,101130.49807692308,0.9825828708333333,-0.00129285145,-0.18580762666666667,-0.002122161775,14.620286160000001,0.10469711994,-15.14216982,3.3504262519999997,-0.0058587783,0.021729259759999998,0.43017110000000003,-0.0339476458,0.3381092,4605.954785156321,5944.917871093648,4615.004248046991,5948.506347656074,"1,1,15",0
564,42636000,48.034000000000404,0.00018549225,-0.0822087476923077,-0.00017007383307692312,0.2631198076923077,1204.8,1319.6,1205.4,1320.4,0.0,0.0,0.0,0.0,0.0,0.0,0.0,0.0,-0.008255865,-0.07403589,0.005858986,-3.1842887,-0.002394039,-9.340981,16.192011692307695,24.894740076923078,101130.66307692307,0.9822171366666667,-0.0014328249833333335,-0.18773095666666667,-0.0021231519583333335,14.78672972,0.1057558042,-15.141909199999999,3.3685112079999997,-0.005296426632,0.021776124679999998,0.432669896,-0.033910444399999996,0.335112152,4610.879687499655,5936.730371094053,4622.376855468641,5937.770703125397,"1,1,15",0
565,42686000,48.0840000000004,-6.109000875000002e-05,-0.08429508725,0.00014254390375000001,0.2631764925,1204.3,1321.1,1203.9,1321.4,0.0,0.0,0.0,0.0,0.0,0.0,0.0,0.0,0.003595277525,-0.0480034775,0.00279633315,-3.26000515,-0.005686069000000002,-9.200619,16.169439423076923,24.894745846153846,101130.93423076923,0.9819394969230769,-0.0015731315653846154,-0.189176655,-0.002082104965384615,14.95390622,0.1068304067,-15.1414242,3.387387058,-0.005023136282,0.02088257818,0.433928293,-0.035967853,0.335156734,4595.797998046847,5957.541455078106,4600.483642577995,5961.7018554688875,"1,1,15",0
566,42736000,48.1340000000004,-4.242105153846155e-05,-0.08492198676923077,0.0001609032330769231,0.26344966846153844,1204.0,1322.2,1203.2,1321.8,0.0,0.0,0.0,0.0,0.0,0.0,0.0,0.0,0.0030626515,-0.057524282499999996,0.00013318710000000014,-3.3632551499999996,-0.0089780959,-9.233839,16.16827857142857,24.894751285714285,101130.95785714286,0.9816751584615384,-0.0015060646307692308,-0.19054488153846152,-0.0020665325923076923,15.12204872,0.1078215384,-15.1402288,3.405779668,-0.005327130508,0.02072743416,0.43382053428571427,-0.03379512857142857,0.33278967,4595.898632812327,5958.632519531659,4598.404589843569,5964.158007812952,"1,1,15",0
567,42786000,48.1840000000004,0.0006500168037499999,-0.08573338975,0.00026483458125000004,0.263847045,1204.0,1322.7,1203.7,1321.3,0.0,0.0,0.0,0.0,0.0,0.0,0.0,0.0,-0.0030625824500000003,-0.066312727,-0.0033288940500000004,-3.3548754499999998,-0.026934611,-9.262568,16.181899230769233,24.894757576923077,101130.80703846154,0.9813990575,-0.0015215116666666667,-0.1919616633333333,-0.0020464132,15.29123772,0.1087222434,-15.1382638,3.423648768,-0.006256516358,0.021372226159999997,0.434412678,-0.0341516955,0.331261151,4589.7105957032,5985.420068359427,4592.600927734446,5975.756982421682,"1,1,15",0
568,42836000,48.23400000000041,0.0003029608215384615,-0.08531913830769232,0.0006241154115384616,0.26395552769230773,1203.8,1323.6,1203.6,1321.8,0.0,0.0,0.0,0.0,0.0,0.0,0.0,0.0,0.0010652592,-0.08335695,-0.002663184,-3.3961756,0.016759574,-9.19972,16.18262153846154,24.894764923076924,101130.78692307693,0.9810259124999999,-0.0015317555,-0.19385875833333333,-0.002122830225,15.46165504,0.10974667079999999,-15.13612816,3.4417775,-0.00653161032,0.022068036399999998,0.435494732,-0.0349027652,0.329990672,4606.403613281219,5966.333496093795,4604.362207031167,5959.0145507815,"1,1,15",0
569,42886000,48.284000000000404,-0.00047823298237499996,-0.087654945,0.0005443723075,0.2646378875,1203.3,1325.1,1202.6,1323.8,0.0,0.0,0.0,0.0,0.0,0.0,0.0,0.0,0.00945424475,-0.039947416,-0.0011984246000000002,-3.40754755,0.0011972618999999997,-9.2209695,16.18713653846154,24.894770884615383,101130.73346153846,0.9807389750000001,-0.0012977592230769231,-0.19530725346153846,-0.0021001602384615385,15.63340304,0.11090513079999999,-15.13380766,3.4601875,-0.00609788807,0.0228191164,0.435539118,-0.0345269207,0.328170134,4590.809326171692,5997.489697265777,4582.591992187393,6004.779785156525,"1,1,15",0
570,42936000,48.3340000000004,-7.050622492307691e-05,-0.08813724307692307,0.00031116741038461534,0.2650280346153846,1203.0,1326.0,1202.2,1325.2,0.0,0.0,0.0,0.0,0.0,0.0,0.0,0.0,0.0039948,-0.058589548,-0.003994743,-3.4632132,-0.047883872,-9.2942915,16.21837676923077,24.89477730769231,101130.36307692308,0.9804969769230769,-0.0011591924307692307,-0.19651947153846153,-0.002096194276923077,15.80636784,0.11179110919999999,-15.1319542,3.479268132,-0.00595836526,0.02149728808,0.437827808,-0.033722935600000004,0.326970868,4592.892089843735,5997.937109375142,4588.034570312442,5997.174121093813,"1,1,15",0
571,42986000,48.384000000000405,-0.00011084755999999999,-0.0887529125,-2.3655347875e-05,0.26543971125,1203.0,1326.0,1202.7,1325.7,0.0,0.0,0.0,0.0,0.0,0.0,0.0,0.0,-0.00239682575,-0.061652185,-0.0026631715,-3.4536363999999997,-0.041299816,-9.369111,16.1930955,24.894784,101130.655,0.98020719875,-0.0011380552624999998,-0.19795927249999998,-0.002117947858333333,15.98065084,0.1123818992,-15.1306067,3.499075282,-0.00613755851,0.01792980908,0.436077458,-0.0344968944,0.326123864,4585.871337890589,6023.042089843797,4584.893505859367,6020.457910156206,"1,1,15",0
572,43036000,48.43400000000041,-0.00027496090615384617,-0.08836345384615385,0.00010414697015384615,0.26511241846153843,1202.6,1326.2,1202.8,1326.4,0.0,0.0,0.0,0.0,0.0,0.0,0.0,0.0,0.0046605043999999995,-0.079761692,0.00492689965,-3.48715495,0.02035087935,-9.284117,16.159147,24.89478976923077,101131.04384615386,0.9798422391666667,-0.0012046488166666668,-0.19975799,-0.002113824433333333,16.155832399999998,0.1126565732,-15.12919296,3.51899528,-0.00651224028,0.015188939280000001,0.439195618,-0.0352567208,0.324778924,4592.168749999998,5997.49999999997,4596.538671874985,6007.4173828126095,"1,1,15",0
573,43086000,48.48400000000041,-0.00026102533,-0.08996605375,-0.00013197287499999998,0.26549813749999995,1201.6,1326.7,1202.3,1327.4,0.0,0.0,0.0,0.0,0.0,0.0,0.0,0.0,-0.006458204725,-0.050999541,-0.0039281584,-3.521571625,0.010474795499999995,-9.175779,16.18424730769231,24.89479426923077,101130.72730769232,0.9795126576923077,-0.0012125145038461539,-0.20136771961538463,-0.0020932167538461536,16.3319874,0.1125887882,-15.12770746,3.5390375300000003,-0.0070987012799999995,0.013343562779999998,0.441805868,-0.0360321596,0.323310262,4578.566406249813,6034.726757812789,4577.119873046757,6029.837060546949,"1,1,15",0
574,43136000,48.534000000000404,0.00014952073999999996,-0.09050725615384615,-0.00034414829230769233,0.2654957653846154,1201.0,1327.4,1201.8,1328.2,0.0,0.0,0.0,0.0,0.0,0.0,0.0,0.0,-0.009321088,-0.0695085,-0.0005327705,-3.5769377,0.059855208,-9.235635,16.194178461538463,24.894798307692305,101130.62692307692,0.9792254384615385,-0.0013730237076923077,-0.2027592476923077,-0.002069072730769231,16.50908728,0.1126481864,-15.1270478,3.5585462600000004,-0.0077338489199999996,0.010945055568,0.441156602,-0.034105908,0.322688536,4575.38994140626,6017.292578124892,4583.400000000006,6020.1654296873485,"1,1,15",0
575,43186000,48.58400000000041,-0.00010383157,-0.0919088325,0.000262288809375,0.26572578125,1201.0,1328.4,1201.3,1328.7,0.0,0.0,0.0,0.0,0.0,0.0,0.0,0.0,-0.0038616010999999997,-0.044741108,-0.001464730385,-3.5464114,-0.010773748,-9.2236625,16.206277461538463,24.894803384615383,101130.50415384615,0.9789362208333333,-0.0014373809000000001,-0.20415036749999999,-0.0020904150208333333,16.687210779999997,0.11284536640000001,-15.1272828,3.5774770100000004,-0.00842174042,0.007947323417999998,0.443668842,-0.0359211136,0.32284533000000004,4558.366552734165,6049.305371093918,4565.976708984248,6044.544970703267,"1,1,15",0
576,43236000,48.63400000000041,-8.135030923076922e-05,-0.09151565076923077,3.02127230769231e-05,0.2653448,1200.8,1329.4,1200.6,1329.2,0.0,0.0,0.0,0.0,0.0,0.0,0.0,0.0,0.006924262,-0.07030746,-0.0021305464,-3.6116538,0.019153776,-9.226058,16.222710615384614,24.894807846153846,101130.28415384617,0.9786486384615385,-0.001322518623076923,-0.20552571307692308,-0.0020108838846153846,16.86646948,0.1129925568,-15.12768796,3.596252432,-0.00907133488,0.006951545412,0.44379750285714287,-0.03520367380952381,0.3190906219047619,4565.824316406348,6031.163867187447,4565.867578125113,6034.664746093455,"1,1,15",0
577,43286000,48.68400000000041,9.632024137500001e-05,-0.0926949225,0.00030120935624999997,0.26560215000000004,1200.3,1330.4,1199.6,1329.7,0.0,0.0,0.0,0.0,0.0,0.0,0.0,0.0,0.0050600327,-0.05845639,-0.0025300127,-3.6296103,0.011971166500000002,-9.026739,16.183706,24.894812807692308,101130.76707692308,0.97829769375,-0.0012596521208333331,-0.2071905529166667,-0.0020282869625,17.04695798,0.1130855918,-15.12827746,3.614859582,-0.009679440880000001,0.008124551062,0.44313460800000004,-0.035534015700000005,0.317919484,4557.9962890624665,6054.527832031383,4555.136816406131,6052.443896484597,"1,1,15",0
578,43336000,48.73400000000041,-5.0916775692307694e-05,-0.09204973923076923,0.0005078744615384615,0.2653839307692308,1199.4,1331.0,1198.8,1330.4,0.0,0.0,0.0,0.0,0.0,0.0,0.0,0.0,0.008522075,-0.06285061,0.0031958264,-3.685874,-0.0155621525,-9.10994,16.184789230769233,24.894816153846154,101130.7616923077,0.9779734769230769,-0.0011110866615384614,-0.20871628076923077,-0.0020436036153846154,17.22829056,0.1130299636,-15.12863728,3.6340372839999997,-0.010267399600000001,0.007679346488,0.44602848,-0.0355988646,0.315555592,4566.0194335937895,6049.104882812353,4559.017578125047,6048.6877929687635,"1,1,15",0
579,43386000,48.78400000000041,0.00011656942500000005,-0.0928866025,8.770964875000006e-05,0.26509201375,1197.9,1331.0,1198.3,1331.4,0.0,0.0,0.0,0.0,0.0,0.0,0.0,0.0,-0.0021305358525,-0.04514058675,-0.00033290991,-3.6586396,-0.026934608,-9.20480925,16.17666267857143,24.894820892857144,101130.86792857143,0.9776634682926829,-0.0009971275902439026,-0.21016436658536586,-0.0020380204975609753,17.41053756,0.11281328360000001,-15.12874828,3.653833084,-0.010833532100000001,0.005481080838,0.447150361,-0.0348647347,0.315941104,4546.477441405901,6067.560742187834,4544.617871093577,6066.420947265994,"1,1,15",0
580,43436000,48.834000000000415,0.00045619101153846153,-0.09427865692307692,-0.0006823254661538461,0.2650391853846154,1197.0,1331.4,1197.8,1332.2,0.0,0.0,0.0,0.0,0.0,0.0,0.0,0.0,-0.0010651408,-0.05219796,-0.0018642996,-3.6990416,0.0047885636,-9.141064,16.129532923076923,24.894825384615384,101131.40446153846,0.9774181694915254,-0.0010702595762711864,-0.21130125711864406,-0.0019881837525423727,17.59382064,0.11239101,-15.129486400000001,3.672660004,-0.01139820996,0.004552629292,0.4466137,-0.034269453400000004,0.31359388,4533.907617187685,6062.488476562483,4539.833203124999,6066.257226562234,"1,1,15",0
581,43486000,48.88400000000041,0.00015296645625,-0.0941969675,-0.00032976147724999997,0.26512800125,1197.0,1332.4,1197.3,1332.7,0.0,0.0,0.0,0.0,0.0,0.0,0.0,0.0,-0.00346210955,-0.050333753499999995,0.00159784929,-3.74153915,0.0568624565,-8.945936499999998,16.210990113207547,24.894830226415092,101130.45943396226,0.9771124587755102,-0.001111304730612245,-0.21271118428571428,-0.0019996184775510203,17.778226139999997,0.11174600999999999,-15.1309039,3.690437304,-0.01196131196,0.004999809692,0.448027132,-0.0354171089,0.31304154500000003,4527.221728515398,6080.369042969163,4534.309619140418,6075.432373047232,"1,1,15",0
582,43536000,48.93400000000041,-0.0005067188538461539,-0.09537912423076923,-0.00025667370753846154,0.26558725846153847,1197.0,1333.2,1197.0,1333.2,0.0,0.0,0.0,0.0,0.0,0.0,0.0,0.0,0.009200048563636364,-0.0684190309090909,-0.003776929581818182,-3.7322342272727274,0.045598815363636365,-8.998280818181819,16.188842943396228,24.894835886792453,101130.69528301887,0.9768011817647059,-0.0010190573194117647,-0.21413598470588235,-0.002017459105882353,17.96358324,0.11075444279999999,-15.13208956,3.70832774,-0.012802480599999999,0.00594669174,0.4481754908695652,-0.03539510052173913,0.3123337739130435,4537.139648437615,6079.507812499857,4528.892089843838,6076.1583007810805,"1,1,15",0
583,43586000,48.984000000000414,-0.0004925103225,-0.095287584375,-0.00019522749374999994,0.26561437,1197.0,1333.7,1197.0,1333.7,0.0,0.0,0.0,0.0,0.0,0.0,0.0,0.0,0.0093210735,-0.061319287,0.0016644742,-3.7897224499999997,0.027234204749999998,-8.91421275,16.1884,24.894841764705884,101130.73266666666,0.9764463750000001,-0.000839856305,-0.21574964124999998,-0.0019553803458333334,18.14997124,0.10938742779999999,-15.13302406,3.7263407400000004,-0.0139448881,0.00743491724,0.45120821499999997,-0.035463311,0.30981316999999997,4526.22597656231,6089.92709960971,4522.05297851544,6092.952148437789,"1,1,15",0
584,43636000,49.03400000000042,0.00014499964769230768,-0.0960485673076923,0.00043451293076923075,0.26592417384615386,1196.6,1334.6,1196.8,1334.4,0.0,0.0,0.0,0.0,0.0,0.0,0.0,0.0,0.0013315794,-0.07323693,0.0010652391,-3.8247373,0.064643614,-9.0955715,16.17973230769231,24.894847538461537,101130.8133846154,0.9760753461538462,-0.000793718796923077,-0.21742248307692308,-0.0019183333307692307,18.33708524,0.1078850792,-15.133557999999999,3.744067636,-0.01477874872,0.009222866619999999,0.4517007,-0.033480298,0.30806,4530.4782226563675,6087.272167968615,4532.182226562588,6093.027246093601,"1,1,15",0
585,43686000,49.084000000000415,0.00041075139375,-0.096671805875,0.00042200138724999994,0.26610449999999997,1195.6,1336.1,1196.3,1335.4,0.0,0.0,0.0,0.0,0.0,0.0,0.0,0.0,0.0021305379499999997,-0.057524292,-0.00239681925,-3.901352,-0.03351867,-8.959105000000001,16.191470692307693,24.89485419230769,101130.66076923077,0.9756621166666666,-0.0008478294833333333,-0.21926913666666667,-0.0019311611875,18.524985739999998,0.10623611919999999,-15.133658,3.761484586,-0.01527835022,0.01133551687,0.45156227,-0.034235973,0.306505235,4528.042578124724,6103.34985351611,4523.6823730465585,6099.30517578178,"1,1,15",0
586,43736000,49.13400000000041,0.00040591421391698114,-0.09843603758490566,-3.234395135849057e-05,0.26670061698113207,1195.2,1337.2,1196.2,1336.6,0.0,0.0,0.0,0.0,0.0,0.0,0.0,0.0,0.00079891994,-0.06391588,-0.00079894403,-3.8786073,0.04070159,-8.904037,16.185300528301887,24.894861641509436,101130.77283018868,0.9753720691666667,-0.0008691880975,-0.22055507083333334,-0.0019406536416666665,18.71357528,0.1047886128,-15.13317264,3.77877172,-0.01594157364,0.01403316916,0.45304534,-0.034077223,0.30606404,4520.367871093874,6118.915527343567,4521.012304687682,6115.621777343755,"1,1,15",0
587,43786000,49.18400000000042,7.681218130638298e-05,-0.09794436680851064,-0.0002616625257446808,0.2672808104255319,1195.7,1337.7,1196.7,1338.1,0.0,0.0,0.0,0.0,0.0,0.0,0.0,0.0,0.0015312654,-0.0714392995,0.0007324010500000004,-3.97437555,-0.03860634574999999,-8.946532999999999,16.142187470588237,24.894868627450983,101131.27431372549,0.9749676111538462,-0.0008223048973076923,-0.222336795,-0.0018762923038461539,18.90291128,0.10355934779999999,-15.13205314,3.79591822,-0.01678205414,0.01736457366,0.454728596,-0.0334442815,0.302268306,4530.839599609357,6121.06142578166,4534.944042968701,6122.491748047188,"1,1,15",0
588,43836000,49.23400000000042,-7.118073384615385e-05,-0.09933037384615384,-0.0002711660430769231,0.2679431046153846,1196.2,1338.6,1196.8,1339.2,0.0,0.0,0.0,0.0,0.0,0.0,0.0,0.0,0.0047938186,-0.07350324,-0.005592654,-3.8666363,0.027533479,-8.990229,16.193457153846154,24.894876153846152,101130.65923076923,0.9746024461538462,-0.0007396097292307692,-0.22393274,-0.0018462264384615384,19.09283168,0.1023686856,-15.13048508,3.813955,-0.0172442152,0.0196487768,0.454703632,-0.034611308,0.302881952,4529.87539062519,6139.06367187486,4526.2477539062875,6136.353613281079,"1,1,15",0
589,43886000,49.28400000000042,-0.00032198504675,-0.099311523125,0.00024067073499999997,0.26826404000000004,1196.7,1340.1,1196.3,1339.7,0.0,0.0,0.0,0.0,0.0,0.0,0.0,0.0,0.0038615447499999998,-0.07004114,0.0017310284499999998,-3.99053565,-0.0568621385,-9.0393105,16.136394115384615,24.894883846153846,101131.34615384616,0.9741930316666667,-0.0005773621845833333,-0.22570825583333334,-0.0018288906666666669,19.28338518,0.1012198431,-15.12843108,3.83295625,-0.0172965302,0.0207985118,0.456960144,-0.0346768422,0.299176766,4539.909619140621,6129.262353515739,4534.7722656250035,6135.340185547067,"1,1,15",0
590,43936000,49.334000000000415,0.00016959983353846155,-0.10117726615384615,0.0004934934192307693,0.2689648246153846,1197.0,1341.0,1196.4,1340.4,0.0,0.0,0.0,0.0,0.0,0.0,0.0,0.0,-0.005592547,-0.05885588,-0.0013315467,-3.9767692,-0.031124465,-8.966286,16.173593384615387,24.89489153846154,101130.89076923077,0.97387244,-0.0005805068507692308,-0.22708736153846154,-0.001795787746153846,19.4748826,0.09996317244,-15.12614308,3.852186196,-0.01775949144,0.02170066976,0.458243824,-0.03429432,0.300531688,4527.039843750078,6159.7228515625375,4529.547851562482,6157.25390624984,"1,1,15",0
591,43986000,49.38400000000042,7.135312500000001e-05,-0.10071758725,-0.00012549875624999997,0.26926904,1197.0,1341.0,1197.4,1341.4,0.0,0.0,0.0,0.0,0.0,0.0,0.0,0.0,0.001035673,-0.059950722444444444,0.0008284987988888888,-3.990336111111111,-0.004788249555555554,-9.05154711111111,16.193275923076925,24.894898576923076,101130.64134615385,0.9735364220833334,-0.0006044438,-0.22852397791666665,-0.0018126960083333333,19.667402600000003,0.09858968794,-15.12360158,3.871663896,-0.01866731944,0.022334619259999997,0.459157676,-0.035611006,0.29872527099999996,4528.883544921831,6157.389062500014,4533.162011718776,6156.2613769532745,"1,1,15",0
592,44036000,49.434000000000424,-0.0003221261326923077,-0.10135624984615385,-0.0001507874538461539,0.2700018823076923,1197.2,1341.2,1197.8,1342.0,0.0,0.0,0.0,0.0,0.0,0.0,0.0,0.0,0.008788371,-0.05246429,-0.004261005,-4.0701427,-0.014365054,-9.020155,16.205735384615387,24.894904692307694,101130.50115384615,0.9732112776923078,-0.0005678755876923077,-0.22990514615384616,-0.0017617789,19.860810360000002,0.09733860416,-15.12129144,3.890939732,-0.01901874392,0.02255323268,0.460843964,-0.034230383999999996,0.297499532,4535.53437500006,6179.161523437405,4532.717578125061,6177.900488281266,"1,1,15",0
593,44086000,49.48400000000042,-8.2094313125e-05,-0.101210135,0.00042058610625,0.27001747625,1197.7,1341.7,1197.3,1342.0,0.0,0.0,0.0,0.0,0.0,0.0,0.0,0.0,0.005379595819999999,-0.0518251176,0.00218386308,-4.14268726,-0.02250534,-8.9282186,16.19761,24.894911615384615,101130.6026923077,0.972882925,-0.0004779123772727273,-0.23129138409090907,-0.0017376345136363637,20.05517986,0.09622012115999999,-15.11923194,3.909996882,-0.01876739792,0.02232189868,0.46010824,-0.035502966,0.29573589,4540.16972656246,6166.93847656237,4536.313232421853,6169.028173828096,"1,1,15",0
594,44136000,49.53400000000042,-0.00012417190615384615,-0.10305614115384615,0.00041201748076923083,0.27011555846153845,1197.4,1342.4,1196.6,1342.2,0.0,0.0,0.0,0.0,0.0,0.0,0.0,0.0,0.0018642091,-0.014913704,0.001331589,-4.1659117,0.028730577,-8.918402,16.173593153846156,24.894917692307693,101130.90061538461,0.9726957857142857,-0.00042210343714285713,-0.2320772457142857,-0.0017219645714285714,20.250559,0.0947980375,-15.117488,3.927827825,-0.01903757775,0.021188788,0.460211286,-0.0341858586,0.295208154,4531.212402343684,6183.606933593897,4527.065332031074,6187.729394531414,"1,1,15",0
595,44186000,49.58400000000042,0.00012347673750000003,-0.104532949375,0.0007801333700000001,0.26981687625,1195.9,1343.4,1195.6,1342.7,0.0,0.0,0.0,0.0,0.0,0.0,0.0,0.0,-0.010386323,-0.006657911799999999,-0.00066580218,-4.1808748,-0.007781002499999999,-8.923189749999999,16.164925,24.894923,101131.013,0.9726463916666667,-0.0004031064191666667,-0.23228402458333333,-0.0017281995291666666,20.447031916666667,0.093047053125,-15.116085916666666,3.9443303770833333,-0.019872743895833333,0.019078752583333334,0.4601537642857143,-0.03512360214285715,0.2939060142857143,4511.861328124786,6197.012974330337,4512.648228236591,6191.138811383898,"1,1,15",0
596,44236000,49.63400000000043,0.00023220196923076923,-0.10495685769230768,0.00042607565076923076,0.2696504546153846,1194.8,1344.2,1194.6,1343.2,0.0,0.0,0.0,0.0,0.0,0.0,0.0,0.0,0.0018642116,0.0026631532,-0.006125275,-4.139575,0.015562467,-8.871715,16.17142576923077,24.894927846153845,101130.92969230769,0.9726283450000001,-0.0005165106250000001,-0.2323586775,-0.0018046325666666665,20.644562461538463,0.0910023426923077,-15.11481773076923,3.959635603846154,-0.020516584,0.01723433396153846,0.46274869999999996,-0.03310564557142857,0.2956122542857143,4506.76796874996,6204.3214843749365,4504.051562499941,6196.61601562508,"1,1,15",0
597,44286000,49.684000000000424,-0.0001706994975,-0.10574838375000001,0.000294635325,0.26951323250000003,1194.3,1344.7,1193.6,1343.7,0.0,0.0,0.0,0.0,0.0,0.0,0.0,0.0,0.01031975005,-0.0070573760499999996,0.00073237939,-4.2553947999999995,-0.011073027925000001,-8.917205000000001,16.19092807692308,24.89493253846154,101130.68707692307,0.9726088623076923,-0.0004148111361538462,-0.23244076961538462,-0.0017695553384615384,20.842924,0.08872684750000001,-15.11365475,3.974000075,-0.021010096500000002,0.01559861425,0.459542127,-0.034635818,0.293384971,4504.2473632812325,6199.181298828058,4496.093896484348,6201.319091796919,"1,1,15",0
598,44336000,49.73400000000042,-3.8088343333333286e-05,-0.10674534666666667,0.0003615661,0.2695355075,1193.8,1345.0,1193.0,1344.2,0.0,0.0,0.0,0.0,0.0,0.0,0.0,0.0,0.0002663149,0.0045273765,0.0018642101,-4.2532997,0.027533477,-8.821436,16.192733846153846,24.894937538461537,101130.65938461538,0.9726080615384615,-0.0002754120646153846,-0.23244474692307693,-0.0017228051461538462,21.041787120000002,0.08648296280000001,-15.11252008,3.986353384,-0.02169309668,0.014543161360000001,0.459769640952381,-0.033272734047619046,0.29512059095238097,4489.476074218612,6210.576953125069,4487.270703124998,6208.377539062528,"1,1,15",0
599,44386000,49.784000000000425,3.5486942307692533e-06,-0.10719559115384615,0.00012690713576923076,0.26947954,1193.3,1345.0,1193.0,1344.7,0.0,0.0,0.0,0.0,0.0,0.0,0.0,0.0,0.0005326289500000002,0.00346211065,-0.00013316260000000003,-4.276643,-0.029927370000000002,-8.9399505,16.16311923076923,24.894940346153845,101131.01615384615,0.9726129208333333,-0.00031659246875,-0.2324240370833333,-0.0017172064291666668,21.24119362,0.08427332280000001,-15.11141608,3.9965279340000004,-0.02258137518,0.01411633086,0.46088631347826087,-0.03498596521739131,0.29494550826086957,4478.512643914349,6218.749434621745,4483.7303659538375,6214.630679481943,"1,1,15",0
600,44436000,49.83400000000043,-0.0004151109307692308,-0.10753620846153845,9.817880692307691e-05,0.2693176746153846,1192.8,1345.0,1192.8,1345.0,0.0,0.0,0.0,0.0,0.0,0.0,0.0,0.0,0.00932104,-0.018908463,0.003994712,-4.2281613,-0.032321576,-8.813057,16.147950769230768,24.89494223076923,101131.19076923077,0.9725612823076923,-0.00018131681646153848,-0.23264066076923076,-0.0016959332461538462,21.44134532,0.0821384596,-15.11018776,4.006418852,-0.0225876532,0.01341479492,0.4610303,-0.03637057,0.2948434,4482.719433593639,6214.224707031145,4480.199023437527,6215.2451171875855,"1,1,15",0
601,44486000,49.88400000000043,-0.00034140084500000004,-0.10773334125,0.000258658685,0.26911636875,1192.3,1345.0,1192.3,1345.0,0.0,0.0,0.0,0.0,0.0,0.0,0.0,0.0,0.0014647469,-0.017576868500000002,0.0013315663499999999,-4.315549,0.0263363725,-8.857949,16.13512980769231,24.89494553846154,101131.33807692307,0.972455735,-7.287491716666666e-05,-0.2330822275,-0.0016313992833333333,21.64230432,0.08008460460000001,-15.108824760000001,4.016002502,-0.0216384307,0.01241566142,0.46130167,-0.034642161000000005,0.29443832999999997,4476.959960937406,6211.645654296856,4475.004101562477,6219.989013671953,"1,1,15",0
602,44536000,49.934000000000424,0.00033276124153846154,-0.10814197538461538,4.698404846153846e-05,0.2690791769230769,1192.0,1345.0,1192.0,1345.0,0.0,0.0,0.0,0.0,0.0,0.0,0.0,0.0,-0.006125247,-0.024767399,-0.0034621484,-4.3586445,-0.03591287,-8.8884735,16.120141923076925,24.894947692307692,101131.52576923078,0.9723439123076923,-6.298699384615385e-05,-0.23354852076923077,-0.001606301723076923,21.84374596,0.07824180896,-15.107685440000001,4.025762095999999,-0.021108953320000002,0.01165147856,0.4625824,-0.035153437,0.29194504,4475.860742187488,6217.547460937697,4475.105468749933,6221.906933593684,"1,1,15",0
603,44586000,49.98400000000043,0.00068016481875,-0.10818765875,-0.000131032475,0.26908779,1192.0,1345.0,1192.0,1345.0,0.0,0.0,0.0,0.0,0.0,0.0,0.0,0.0,-0.0101865955,-0.019441074000000003,0.001664485825,-4.336498275,0.0020950820000000016,-8.85166425,16.14090826923077,24.89495057692308,101131.28442307693,0.9722481208333333,-0.000254181965,-0.23394596583333335,-0.0016825682708333334,22.045710460000002,0.07662766096,-15.10678844,4.035712296,-0.021034199820000002,0.011141825559999999,0.461121095,-0.0332297025,0.29438783,4471.101074218724,6227.770507812486,4475.8487792969445,6219.429980468737,"1,1,15",0
604,44636000,50.03400000000043,0.00013507247923076921,-0.10857773384615385,-2.588990769230768e-05,0.26908930923076924,1191.8,1345.0,1191.8,1345.2,0.0,0.0,0.0,0.0,0.0,0.0,0.0,0.0,0.0005326445,-0.016245281,-0.0037284342,-4.2568917,0.0035914546,-8.717288,16.199957076923077,24.894953307692308,101130.58538461539,0.9721129738461538,-0.00029326431846153845,-0.2345068023076923,-0.0016640854076923077,22.248125440000003,0.07497378384,-15.106114640000001,4.045254376,-0.020691780320000002,0.01061635704,0.4593341,-0.03523581,0.2927449,4470.640820312493,6222.88447265642,4467.560058593591,6221.56845703122,"1,1,15",0
605,44686000,50.08400000000043,-0.000261321385,-0.10928204375,0.00030794692875,0.2691864,1191.3,1345.0,1191.3,1345.7,0.0,0.0,0.0,0.0,0.0,0.0,0.0,0.0,0.001597904085,-0.013715277,0.00213053969,-4.283825800000001,0.0347160785,-8.865729,16.207000307692308,24.89495523076923,101130.50769230768,0.9720264949999999,-0.00031849195041666666,-0.23486472083333335,-0.0017282719583333335,22.45102844,0.07327686684,-15.105682640000001,4.0543543259999995,-0.020059389320000003,0.01007375504,0.460706925,-0.0341176425,0.29321866,4466.684326171788,6234.488378906185,4461.680810546905,6231.547705078266,"1,1,15",0
606,44736000,50.13400000000043,-5.4407231538461495e-05,-0.10922915807692307,-0.00024932434769230766,0.2689609846153846,1191.0,1345.4,1191.0,1346.0,0.0,0.0,0.0,0.0,0.0,0.0,0.0,0.0,-0.0023968634,-0.023169506,0.0039947047,-4.347871,-0.04309548,-8.763975,16.16889769230769,24.894957,101130.95807692307,0.9719099384615385,-0.00026365989076923075,-0.23534694307692308,-0.0016619725461538462,22.65417696,0.0716714796,-15.105476600000001,4.062146804,-0.01979889584,0.01054675024,0.46277004,-0.033221796,0.29143888,4459.775781249983,6222.903515625084,4461.434667968838,6231.435742187498,"1,1,15",0
607,44786000,50.18400000000043,0.000597957075,-0.109695564375,-0.00020690383625,0.26924625625000004,1191.0,1346.4,1191.0,1346.0,0.0,0.0,0.0,0.0,0.0,0.0,0.0,0.0,-0.0021305076,-0.02756372,-0.0034621190000000005,-4.35565165,0.028730573500000002,-8.760384,16.161494076923077,24.89495703846154,101131.03903846153,0.9717653974999999,-0.00038956286,-0.23594359374999999,-0.0016265683125,22.857591460000002,0.0701652496,-15.105515350000001,4.068522854,-0.01994129134,0.01211997574,0.463639095,-0.034039108,0.29050027,4462.617187500092,6233.59675678465,4462.648257606814,6229.591822573968,"1,1,15",0
608,44836000,50.234000000000435,0.00019743966923076924,-0.10982352615384615,-3.370491076923077e-05,0.2692806961538462,1191.0,1347.0,1191.2,1346.0,0.0,0.0,0.0,0.0,0.0,0.0,0.0,0.0,-0.0029294682,-0.026098974,-0.0061252904,-4.381389,-0.00598535,-8.84059,16.193096,24.894958,101130.64,0.9716165215384616,-0.00043795753076923075,-0.2365554946153846,-0.0016453840846153845,23.06123156,0.06860245159999999,-15.10540554,4.074889424,-0.0201793494,0.0133658998,0.4655775,-0.03569853,0.29028457,4461.927734375093,6239.108300781208,4459.856445312531,6231.686132812413,"1,1,15",0
609,44886000,50.28400000000043,0.000334759725,-0.10940412275,-0.00028686227,0.26930359125000003,1191.0,1347.0,1191.7,1346.0,0.0,0.0,0.0,0.0,0.0,0.0,0.0,0.0,0.001198425075,-0.0306263535,0.00226367915,-4.361637099999999,0.0089784105,-8.724471,16.13892196153846,24.894959923076925,101131.30346153847,0.9714243244897959,-0.0004488010918367347,-0.23734396632653063,-0.001601140075510204,23.26511606,0.06697837159999999,-15.10513479,4.081245724,-0.0205210419,0.014257247300000001,0.464238087,-0.0348141964,0.287793772,4459.734228515596,6233.126416015695,4463.541259765564,6239.884179687591,"1,1,15",0
610,44936000,50.33400000000043,0.0003237270076923077,-0.11013198092307692,0.00023501911076923075,0.26948326384615384,1190.8,1346.8,1192.0,1346.4,0.0,0.0,0.0,0.0,0.0,0.0,0.0,0.0,0.0029294543285714285,-0.028191465285714288,-0.0006087155891721428,-4.373351428571429,-0.0047882510285714285,-8.695912,16.214765153846155,24.894963692307694,101130.3976923077,0.9712472234042554,-0.00048261516,-0.23806700468085104,-0.0016339782872340424,23.46894992,0.06527574439999999,-15.10491156,4.087341384,-0.0208447956,0.01536063072,0.462955436,-0.0331735468,0.28998071200000003,4461.23837890615,6242.879589843748,4459.94541015623,6234.812109375182,"1,1,15",0
611,44986000,50.384000000000434,-0.00020558786525,-0.11068125625,-0.00023670941250000002,0.26961079375,1190.3,1346.3,1192.0,1347.4,0.0,0.0,0.0,0.0,0.0,0.0,0.0,0.0,0.00712396025,-0.022503712250000002,-0.000599203875,-4.446931175,-0.0041897002499999975,-8.76517275,16.183885692307694,24.89496576923077,101130.77646153847,0.9711024826923077,-0.00037950173538461537,-0.23865721153846153,-0.001566880073076923,23.67272892,0.0634880244,-15.10473981,4.093154684,-0.0211491156,0.01669371972,0.465003344,-0.033620693,0.288202062,4457.798632812479,6248.637646484397,4457.376855468796,6246.193457031297,"1,1,15",0
612,45036000,50.43400000000044,0.00012348693907692307,-0.1102619423076923,-0.0005779401038461538,0.2697625961538462,1190.2,1346.6,1192.0,1348.2,0.0,0.0,0.0,0.0,0.0,0.0,0.0,0.0,0.0061252723,-0.036485307,0.0029294593,-4.43885,0.022745073,-8.748413,16.190928923076925,24.89496769230769,101130.6786153846,0.9709314516666666,-0.00020041315833333332,-0.23935317083333332,-0.0014637930166666667,23.876914000000003,0.06183211672,-15.1038543,4.099202944,-0.021273702959999998,0.01952234856,0.46453649,-0.0329187034,0.288290424,4461.315332031256,6241.040722656357,4461.6694335938155,6251.408496093716,"1,1,15",0
613,45086000,50.484000000000435,0.00028484934624999997,-0.1105938025,0.00010813911499999999,0.2702424825,1190.7,1348.1,1192.0,1348.7,0.0,0.0,0.0,0.0,0.0,0.0,0.0,0.0,-0.0015978502000000001,-0.02370214,-0.0002662979999999999,-4.4334636,-0.0526722915,-8.62152,16.18930307692308,24.89497123076923,101130.69846153847,0.9707560388461539,-0.00019399493153846156,-0.24006401153846155,-0.0014246334000000002,24.081539000000003,0.06031900572,-15.102195550000001,4.105505744,-0.02120357996,0.02397114556,0.465986899,-0.0341728087,0.287757835,4461.876953125,6250.4453125,4464.6806640625,6247.3779296875,"1,1,15",0
614,45136000,50.53400000000043,-2.9732623846153846e-05,-0.11108698076923076,-0.0003443872907692308,0.27081654307692304,1191.2,1349.0,1191.8,1348.8,0.0,0.0,0.0,0.0,0.0,0.0,0.0,0.0,0.0077231918,-0.026365291,-0.0010652863,-4.43885,0.026336372,-8.7998905,16.13783923076923,24.89497353846154,101131.33,0.9706211923076924,-0.00016020703,-0.24060868538461538,-0.0013738194230769232,24.286393920000002,0.05897828408,-15.100583480000001,4.112738352,-0.02129553184,0.025706397439999997,0.466012666,-0.0340634246,0.28686206399999997,4466.733105468815,6263.648242187536,4464.0700195313275,6264.718554687517,"1,1,15",0
615,45186000,50.58400000000044,5.07422225e-05,-0.11095926,-0.00018682732499999998,0.2708548375,1191.7,1349.0,1191.3,1348.3,0.0,0.0,0.0,0.0,0.0,0.0,0.0,0.0,0.0027963186,-0.029694252,0.0047936736,-4.419696849999999,0.022146520000000003,-8.769962,16.122671,24.89497692307692,101131.49261538462,0.970463035,-7.701148958333333e-05,-0.24124626625,-0.0013167160416666665,24.49149792,0.05782431758,-15.09902198,4.1209782520000005,-0.02156306484,0.024501975439999997,0.467123642,-0.0330387572,0.284749611,4469.493310546872,6258.562255859299,4470.032275390633,6264.72963867187,"1,1,15",0
616,45236000,50.63400000000044,-8.472653384615386e-05,-0.11146676692307692,0.00041585706538461536,0.27068942307692306,1191.6,1349.0,1191.0,1348.4,0.0,0.0,0.0,0.0,0.0,0.0,0.0,0.0,-0.0055926437,-0.021837924,0.0023968318,-4.5034943,-0.045489687,-8.802282,16.15192376923077,24.894979384615386,101131.16276923077,0.9703253991666667,-9.2554191e-05,-0.24179910833333335,-0.0013529274583333334,24.69698232,0.0565774358,-15.09794936,4.1288858,-0.02148010568,0.0233798,0.466465232,-0.0351400024,0.285220512,4465.445996093643,6267.264550781295,4463.503124999858,6260.547265625096,"1,1,15",0
617,45286000,50.68400000000044,-0.00014546987375000002,-0.11207477275,-7.233258125000002e-05,0.27076236125,1190.6,1349.0,1191.0,1349.4,0.0,0.0,0.0,0.0,0.0,0.0,0.0,0.0,0.00459394835,-0.016245285499999998,0.0009986907375,-4.486136225,-0.027233897,-8.750508,16.167994807692306,24.894981961538463,101130.97423076924,0.9702320788461539,-5.647316873076923e-05,-0.24217347230769232,-0.0013446592423076924,24.902878819999998,0.0552298958,-15.09740636,4.1364333,-0.02101744668,0.022346724999999998,0.465794122,-0.034721486100000004,0.28481681400000003,4464.8974609375,6269.779296875,4456.05078125,6265.28857421875,"1,1,15",0
618,45336000,50.734000000000435,0.0003156754815384615,-0.11249070630769231,-0.0004615899230769231,0.27085026076923074,1190.0,1349.0,1191.2,1350.0,0.0,0.0,0.0,0.0,0.0,0.0,0.0,0.0,0.002130532,-0.017310549,-0.0018642092,-4.408923,0.038307387,-8.65863,16.17828830769231,24.89498423076923,101130.86076923077,0.97012723,-5.6170036416666665e-05,-0.24259396249999998,-0.0012262141916666667,25.10901508,0.05358773132,-15.097050560000001,4.1436682,-0.02094458608,0.02114125896,0.466487546,-0.0329141924,0.285448832,4456.019140625036,6267.168750000113,4460.527343749969,6276.653027343758,"1,1,15",0
619,45386000,50.78400000000044,0.00050373553625,-0.11212224125,-0.00043844064749999997,0.27081077625,1190.0,1349.0,1191.7,1350.0,0.0,0.0,0.0,0.0,0.0,0.0,0.0,0.0,-0.0017310526750000006,-0.01970739425,-0.0015312996500000007,-4.494515275,-0.04608823625,-8.73045675,16.183706,24.894986153846155,101130.77326923076,0.9700159446153847,-0.00015033886423076922,-0.243038485,-0.0011835973,25.31541108,0.05162639032,-15.09689756,4.15056445,-0.02129400708,0.01974903596,0.46772299,-0.0357132378,0.28406899399999996,4452.775244140569,6275.508642578147,4459.664355468723,6269.963134765515,"1,1,15",0
620,45436000,50.834000000000444,0.00013734550692307695,-0.1123854946153846,-0.00038533603846153844,0.27053895846153847,1190.0,1349.4,1191.4,1350.0,0.0,0.0,0.0,0.0,0.0,0.0,0.0,0.0,-0.0007989426,-0.020240024,0.0007989431,-4.531028,-0.021547664,-8.790314,16.155897153846155,24.894988615384616,101131.07307692309,0.9698706476923077,-0.00020174101338461537,-0.2436180046153846,-0.0010991709923076922,25.521765560000002,0.04933680396,-15.097182080000001,4.1567197,-0.021961585040000002,0.0186064108,0.46740632,-0.0341231754,0.28362402000000003,4447.918261718741,6269.281933593877,4458.9617187498025,6271.155761718842,"1,1,15",0
621,45486000,50.88400000000044,-0.0002133286285,-0.113463895,0.00010646076374999999,0.27040766125000004,1190.0,1350.4,1189.9,1350.0,0.0,0.0,0.0,0.0,0.0,0.0,0.0,0.0,0.006258418,-0.0109189595,0.0059255387999999996,-4.52953135,-0.01466433275,-8.73674225,16.139103,24.8949925,101131.2725,0.9697899125,-9.344903129166667e-05,-0.24393982250000001,-0.0010287321833333334,25.728075060000002,0.04669161846,-15.097940580000001,4.1620722,-0.022973833040000002,0.0177341833,0.469034922,-0.03432244,0.284172541,4442.521777343629,6274.620898437479,4447.539990234371,6281.4606445313875,"1,1,15",0
622,45536000,50.93400000000044,-5.8227215999999994e-05,-0.11356543307692307,0.00011863369076923076,0.2703581338461538,1190.0,1350.8,1189.0,1350.2,0.0,0.0,0.0,0.0,0.0,0.0,0.0,0.0,0.011717927,-0.019973708,-0.0034620836,-4.5896854,0.028730571,-8.604761,16.130977,24.894996846153845,101131.38192307693,0.9696903407692308,3.0764314e-05,-0.24433522461538462,-0.0009772850715384616,25.93446256,0.04388919312,-15.0985678,4.16665382,-0.023864303360000002,0.01753790308,0.468599644,-0.032170003600000004,0.2837825,4445.632617187516,6284.458398437454,4443.982421875012,6277.200390625015,"1,1,15",0
623,45586000,50.98400000000044,-0.0005493825249999999,-0.113477955,-0.00012976322125,0.270381235,1190.0,1350.3,1189.0,1350.7,0.0,0.0,0.0,0.0,0.0,0.0,0.0,0.0,0.013049525,-0.031691606000000004,0.00026628679999999997,-4.563947199999999,-0.013167957854185001,-8.6963395,16.13711673076923,24.89500026923077,101131.31653846154,0.9695333175,0.00025616827958333335,-0.24495800333333334,-0.00087423654,26.14093456,0.04091642462,-15.099052799999999,4.17040032,-0.02462284786,0.01807389908,0.470336886,-0.034318001699999996,0.282554282,4446.431640625032,6275.896484374915,4445.206201171912,6279.6282714844165,"1,1,15",0
624,45636000,51.03400000000045,-0.0007249770346153845,-0.11382195923076924,-0.00025749439384615386,0.27054787923076923,1189.8,1350.0,1189.2,1351.0,0.0,0.0,0.0,0.0,0.0,0.0,0.0,0.0,0.007456851,-0.023702133,-0.001597901,-4.548983,0.07182621,-8.677784,16.171426153846152,24.895004307692307,101130.91846153846,0.9693489661538461,0.0005611729423076924,-0.2456862730769231,-0.0007794408146153846,26.34797176,0.03819032548,-15.09917948,4.175174956,-0.02460524028,0.018719294520000002,0.469207946,-0.034726923,0.28153251199999996,4448.421582031231,6279.009472656408,4440.77031249991,6282.323242187616,"1,1,15",0
625,45686000,51.084000000000444,-0.00019170523625,-0.11387555375,-0.00026352347500000004,0.27058957,1189.3,1350.0,1189.7,1351.0,0.0,0.0,0.0,0.0,0.0,0.0,0.0,0.0,-0.00213048395,-0.0272974075,-0.00346212675,-4.5513778,-0.000598396000000001,-8.6783845,16.169440076923077,24.89501007692308,101130.95365384615,0.9692040916666667,0.0006054860204166666,-0.24625693708333332,-0.0007448970479166666,26.555621260000002,0.03573145148,-15.09891798,4.181063406,-0.02374680128,0.01948320602,0.471745307,-0.0332748319,0.28036369,4444.107177734391,6282.160986328117,4440.903027343748,6283.123925781144,"1,1,15",0
626,45736000,51.13400000000044,1.3410203333333293e-05,-0.11406127249999999,0.00018741774583333332,0.27043182416666667,1189.0,1350.4,1189.8,1351.2,0.0,0.0,0.0,0.0,0.0,0.0,0.0,0.0,-0.0050600248,-0.024767398,-0.00213051945,-4.59447285,0.0347160795,-8.6358855,16.142894615384613,24.895015846153846,101131.25653846153,0.9690542308333333,0.0005582440766666666,-0.24684629083333334,-0.0007994861275,26.76376492,0.03369056124,-15.0983596,4.186426592,-0.023138790279999998,0.020652103119999998,0.469757784,-0.0342569478,0.281549564,4442.151269531155,6280.988574218636,4439.50830078132,6277.597265625029,"1,1,15",0
627,45786000,51.184000000000445,0.00010034369538461537,-0.11464555138461538,0.00042673585769230767,0.2706545280769231,1189.0,1351.4,1189.3,1351.7,0.0,0.0,0.0,0.0,0.0,0.0,0.0,0.0,-0.0008655248499999998,-0.0073902774999999995,0.005326320875,-4.600758,0.0194530375,-8.545804,16.117794423076923,24.89502188461538,101131.535,0.9689423775,0.0004635284575,-0.24728480625,-0.00082511685125,26.97244392,0.03210248674,-15.0974796,4.191220742,-0.02280207628,0.02225973462,0.471288814,-0.033278368700000005,0.28011620400000004,4430.64165039046,6288.573095703124,4436.827685546847,6294.012597656594,"1,1,15",0
628,45836000,51.23400000000045,-6.671179307692308e-05,-0.11450678523076924,0.0002041468923076923,0.2709299415384615,1189.0,1352.2,1189.2,1352.2,0.0,0.0,0.0,0.0,0.0,0.0,0.0,0.0,-0.00412791235,-0.022237395,-0.0011984076499999999,-4.5819044,0.0113726135,-8.655039,16.155535,24.895028714285715,101131.06557142857,0.9688547484615385,0.0004583723153846154,-0.24762806153846154,-0.0008062968692307691,27.18163532,0.030454634239999997,-15.09613712,4.196203772,-0.02254365988,0.02428317284,0.469771502,-0.0347017344,0.279279108,4434.72734375004,6293.538085937301,4436.770117187573,6294.217675781306,"1,1,15",0
629,45886000,51.28400000000045,7.3249416875e-05,-0.1145190715,0.00019432824000000006,0.271223115,1189.0,1352.7,1189.7,1352.7,0.0,0.0,0.0,0.0,0.0,0.0,0.0,0.0,0.0022636646749999998,-0.0222374065,0.00619185035,-4.625896775,-0.04878170899999999,-8.548498,16.151743,24.89503580769231,101131.13492307691,0.9686981576923077,0.00048218143999999996,-0.24823989999999999,-0.0007759748788461539,27.39138182,0.028742022239999998,-15.09429362,4.2013914219999995,-0.02237006588,0.02675706834,0.470031636,-0.0334044286,0.27923466799999996,4442.334033203105,6292.85981445315,4444.693994140714,6301.239892578331,"1,1,15",0
630,45936000,51.334000000000444,0.00017586427384615384,-0.11510371476923077,-7.178409230769232e-05,0.2717183169230769,1189.4,1353.2,1190.0,1353.0,0.0,0.0,0.0,0.0,0.0,0.0,0.0,0.0,-0.002663143,-0.01358213,-0.003462094,-4.638766,-0.0646433,-8.711305,16.123032076923078,24.89504276923077,101131.5046153846,0.9685867176923078,0.0004111518353846154,-0.24867455692307694,-0.0007660170615384615,27.60171056,0.02679928624,-15.09205604,4.206752184,-0.02227890252,0.02886778744,0.47097482799999996,-0.0334076842,0.279455276,4441.319531250094,6307.913378906209,4445.748730468749,6308.816210937549,"1,1,15",0
631,45986000,51.38400000000045,0.00012328585000000001,-0.11493677375,0.0001626242275,0.27210575,1190.4,1353.7,1190.0,1353.0,0.0,0.0,0.0,0.0,0.0,0.0,0.0,0.0,-0.0026631342425,-0.025499773500000003,0.00013318012500000004,-4.604648325,-0.02543824125,-8.72267575,16.127545615384616,24.895052307692307,101131.43884615385,0.9684521425,0.00031799382750000003,-0.24919839916666667,-0.0007544540054166667,27.81267006,0.02460724924,-15.08939154,4.212300484,-0.02227703902,0.03058506544,0.471243609,-0.034381004,0.27760903,4450.217578125115,6310.669531250024,4453.8802246095365,6311.627929687616,"1,1,15",0
632,46036000,51.43400000000045,-0.00018581998961538458,-0.115007505,2.1552492307692103e-06,0.2726280576923077,1191.2,1354.2,1190.2,1353.4,0.0,0.0,0.0,0.0,0.0,0.0,0.0,0.0,0.003462071,-0.022903187,0.0042611016,-4.593277,0.04548999,-8.574833,16.132061,24.89506,101131.41,0.9682936484615384,0.00033603744769230767,-0.24981363384615385,-0.0007727894861538462,28.02388492,0.02238706984,-15.0862936,4.218289256,-0.02239020512,0.0320016112,0.471583076,-0.034436098,0.278679582,4455.119335937369,6317.458789062384,4456.760937500039,6314.093847656396,"1,1,15",0
633,46086000,51.48400000000045,-4.7224540624999995e-05,-0.115111279375,-0.000312986847375,0.27317553125000005,1191.7,1354.7,1190.7,1354.4,0.0,0.0,0.0,0.0,0.0,0.0,0.0,0.0,-0.001864223325,-0.02037317825,-0.003661862775,-4.620210625,-0.015562159749999999,-8.65384175,16.0733735,24.89506673076923,101132.06384615385,0.9681508129166667,0.00033097322416666665,-0.25036677458333334,-0.0007206319575,28.235376419999998,0.020136402839999998,-15.0827261,4.224755206,-0.02262798662,0.0330923637,0.47193998,-0.034258948,0.277665687,4462.739501953339,6327.153613281604,4463.099902343826,6324.341308593833,"1,1,15",0
634,46136000,51.53400000000045,-0.00011343519807692308,-0.1156001526923077,8.594282353846153e-05,0.2738162153846154,1191.7916666666667,1355.0,1191.2083333333333,1355.2083333333333,0.0,0.0,0.0,0.0,0.0,0.0,0.0,0.0,0.0034621225,-0.02210424,0.0053263213,-4.7261553,0.0071827574,-8.665815,16.11436353846154,24.895074384615384,101131.59153846154,0.9680520823076924,0.0003958425776923077,-0.25074801076923076,-0.0007010690846153847,28.44681944,0.01797838736,-15.07918812,4.23141714,-0.02249193476,0.03240847436,0.471866598,-0.0361254516,0.27628242599999997,4467.1516694568845,6332.5209960937345,4464.981468564088,6337.143345424039,"1,1,15",0
635,46186000,51.58400000000045,1.6207518454545445e-05,-0.11560007340909091,-0.00012770484681818184,0.27385875681818184,1191.2708333333333,1355.0,1191.7291666666667,1355.7291666666667,0.0,0.0,0.0,0.0,0.0,0.0,0.0,0.0,0.0033955297,-0.019707390249999998,0.002929496725,-4.68036545,-0.02364258975,-8.69394475,16.138741346153846,24.895081192307693,101131.29876923078,0.9679279433333333,0.0004239272575,-0.2512270475,-0.0006749940012499999,28.65820994,0.01592074436,-15.07568212,4.23829139,-0.021950896759999998,0.02980205636,0.471085918,-0.034141963,0.27588038400000003,4466.97509765625,6333.42138671875,4464.865234375,6331.740234375,"1,1,15",0
636,46236000,51.634000000000455,-2.983436763157896e-05,-0.11604700894736843,-1.531861052631576e-05,0.2741054878947368,1191.4615384615386,1355.2307692307693,1192.2307692307693,1356.0,0.0,0.0,0.0,0.0,0.0,0.0,0.0,0.0,0.0069242246,-0.008522115,-0.0010652562,-4.6770735,-0.01556216,-8.6813755,16.117614692307694,24.895087076923076,101131.52323076923,0.9678306430769231,0.00046627231846153844,-0.2516013830769231,-0.0006291300123076923,28.87031372,0.013992133759999999,-15.07264028,4.2449513439999995,-0.02177142428,0.027529324759999998,0.47303828,-0.034141941,0.275548908,4464.868261718707,6340.430664062475,4463.135546874994,6343.806152343786,"1,1,15",0
637,46286000,51.68400000000045,-4.892274680851064e-05,-0.11609305042553192,0.0004950813025531915,0.27434130319148936,1192.423076923077,1355.7115384615386,1192.7115384615386,1356.0,0.0,0.0,0.0,0.0,0.0,0.0,0.0,0.0,-0.0014647471,-0.015845808,0.0009321219750000001,-4.71358515,-0.018554914199999998,-8.72626775,16.151201346153844,24.895092846153847,101131.14192307692,0.9677418541666667,0.00047901596666666664,-0.25194272916666666,-0.000636695175,29.08319022,0.01220330826,-15.07010128,4.2513791439999995,-0.02198364778,0.02561808676,0.4727631230434783,-0.032331397217391304,0.2758778530434783,4465.102197265643,6346.748828125098,4465.305175781322,6343.432177734421,"1,1,15",0
638,46336000,51.73400000000045,1.0371773076923101e-05,-0.11575417538461538,3.79829523076923e-05,0.2747227038461538,1192.7916666666667,1356.2083333333333,1192.7916666666667,1356.0,0.0,0.0,0.0,0.0,0.0,0.0,0.0,0.0,0.0026631653,-0.024234766,0.0007989576,-4.7644625,-0.020350564,-8.609551,16.138561538461538,24.895098615384615,101131.30153846154,0.9676174846153847,0.0004344113784615385,-0.25242012999999996,-0.0006458085884615385,29.296582479999998,0.01043911204,-15.06800052,4.257924256,-0.0221491752,0.0231719646,0.472230602,-0.0335272002,0.276048558,4473.387500000029,6350.110253906274,4472.259765624962,6347.939843749926,"1,1,15",0
639,46386000,51.784000000000454,-1.2807615909090915e-05,-0.11620404568181818,-0.00014767559227272728,0.2746953368181818,1192.2708333333333,1356.7291666666667,1192.2708333333333,1356.0,0.0,0.0,0.0,0.0,0.0,0.0,0.0,0.0,0.009121314175,-0.01711081925,-0.00026630960000000004,-4.659715875,-0.01197085925,-8.684967499999999,16.114905461538463,24.895102192307693,101131.59192307692,0.9674863875,0.0005252929833333333,-0.25292211458333336,-0.0006162943129166666,29.51053348,0.00870159754,-15.06637452,4.2645964560000005,-0.0222641152,0.0201463846,0.47195152700000004,-0.0332310852,0.275846194,4472.341699218766,6345.6558593750015,4469.23745117184,6351.5003417969,"1,1,15",0
640,46436000,51.83400000000046,1.5142037142857148e-05,-0.11667314571428572,0.00017786443571428574,0.27470355428571425,1192.0,1357.0,1191.7692307692307,1356.2307692307693,0.0,0.0,0.0,0.0,0.0,0.0,0.0,0.0,-0.0058589457,-0.006924223,-0.0018642256,-4.7141833,-0.057460688,-8.665815,16.111836076923076,24.895105769230767,101131.60769230769,0.9673969123076923,0.0005430451407692308,-0.25326397692307695,-0.0005743712361538462,29.72498584,0.007102839519999999,-15.06514836,4.271792168,-0.022154891359999998,0.01711839968,0.47264880800000003,-0.0330589224,0.274868,4467.825976562375,6356.739746093881,4470.735449218724,6352.954687499876,"1,1,15",0
641,46486000,51.884000000000455,-0.00041568301875,-0.11725742875,0.0005131188312500001,0.2745494125,1192.0,1357.0,1191.2884615384614,1356.7115384615386,0.0,0.0,0.0,0.0,0.0,0.0,0.0,0.0,0.00785632775,-0.00652474055,0.0009321044750000001,-4.6624085,-0.0026933267500000024,-8.687959249999999,16.143978423076923,24.89510896153846,101131.23346153846,0.9673446324999999,0.0005474512995833334,-0.25346368708333333,-0.00060526855875,29.93998134,0.00565440102,-15.06435536,4.279555018,-0.02180282336,0.01408780943,0.473891658,-0.033485318,0.274040617,4463.566308593726,6354.672412109266,4460.6148437499405,6356.651953125056,"1,1,15",0
642,46536000,51.93400000000045,-7.588123076923079e-05,-0.11756706384615385,0.0003196832461538462,0.27437293076923075,1191.6,1356.8,1191.0,1357.2,0.0,0.0,0.0,0.0,0.0,0.0,0.0,0.0,0.00026630863,-0.004261059,0.002929478,-4.745309,-0.039504174,-8.747215,16.12267,24.895111846153846,101131.49307692309,0.9672663,0.0006451667046153847,-0.25376235384615387,-0.0006280862630769231,30.15556076,0.00434525012,-15.06360772,4.287000012,-0.021227436080000002,0.01164253958,0.474937088,-0.035412293,0.27436265000000004,4462.044042968616,6350.769238281153,4458.989746093747,6350.498828125002,"1,1,15",0
643,46586000,51.984000000000464,0.00010365466999999999,-0.117799505,-0.00016293877500000002,0.274201655,1190.6,1356.3,1191.0,1357.7,0.0,0.0,0.0,0.0,0.0,0.0,0.0,0.0,-0.0031957908,-0.00306263725,-0.0007989535999999998,-4.7644614999999995,0.028730568999999997,-8.537125,16.137116153846154,24.895114153846155,101131.32,0.9672159416666667,0.00057479705625,-0.2539540175,-0.0006125427358333334,30.37177276,0.00318699412,-15.06290922,4.294100662,-0.02041011958,0.00983136683,0.473562437,-0.034139395200000006,0.27410862799999997,4449.918505859289,6352.412402343744,4453.853124999946,6355.334277343812,"1,1,15",0
644,46636000,52.03400000000046,6.836927692307712e-06,-0.11766301307692308,-0.00031552606923076923,0.2742267953846154,1190.2,1356.4,1190.8,1357.6,0.0,0.0,0.0,0.0,0.0,0.0,0.0,0.0,0.0002663165,-0.00053263217,3.2168385e-10,-4.7704477,1.5072466e-07,-8.635887,16.144700384615387,24.895116076923077,101131.24846153846,0.9671836615384616,0.0005563465546153846,-0.2540771076923077,-0.0005375739292307692,30.588039000000002,0.0020207290872,-15.0625916,4.300232360000001,-0.019427985000000002,0.008196407095999999,0.473577778,-0.0324797258,0.273016632,4446.144726562525,6354.1631835939315,4451.146777343677,6364.458105468629,"1,1,15",0
645,46686000,52.08400000000046,0.00039876052875,-0.1177240525,0.00037930908749999996,0.27413153,1190.7,1357.4,1190.3,1356.6,0.0,0.0,0.0,0.0,0.0,0.0,0.0,0.0,-0.0075900195,-0.019840552,-0.0009320814669394,-4.7662575,0.035314631,-8.604162500000001,16.1484925,24.895118,101131.20999999999,0.9671116545454546,0.000375251735,-0.2543514527272727,-0.0006148713254545455,30.804364,0.0008457876021999999,-15.0626866,4.305314360000001,-0.0182672975,0.006752344796,0.47352623,-0.0338076425,0.273642877,4446.836181640644,6357.42031249999,4456.1717773438395,6349.5066406248725,"1,1,15",0
646,46736000,52.134000000000455,6.965487153846154e-05,-0.11801765692307692,0.0004899523884615384,0.27435900307692307,1191.0,1358.0,1190.0,1356.2,0.0,0.0,0.0,0.0,0.0,0.0,0.0,0.0,0.004527357,-0.011717919,-0.001065256,-4.8350916,0.020350862,-8.4587145,16.14145,24.89511946153846,101131.28230769231,0.9670045285714286,0.00030594434285714285,-0.25475798857142856,-0.0006840614857142858,31.0208834,-0.0004983346252,-15.06246432,4.30920956,-0.01743982288,0.006427902296,0.4739386233333333,-0.03433721666666666,0.2733958533333333,4450.9349609375795,6365.229394531244,4446.4263671874805,6357.7858398439585,"1,1,15",0
647,46786000,52.18400000000047,-4.5308013750000007e-05,-0.1181752675,0.00029717004375,0.27468088749999997,1191.0,1358.0,1190.0,1356.7,0.0,0.0,0.0,0.0,0.0,0.0,0.0,0.0,0.00892158475,-0.0242347625,-0.005326346,-4.7818195,-0.014365063800000001,-8.54191475,16.12050307692308,24.89512126923077,101131.52192307693,0.9669027108333333,0.00046358217083333335,-0.2551440495833333,-0.0006982987875,31.2376134,-0.0020257359902000004,-15.061898320000001,4.31181906,-0.016973328880000003,0.007316381246,0.47362444800000003,-0.033741737099999995,0.27230322500000004,4457.609169407998,6368.023437500018,4445.228541324013,6364.936651932487,"1,1,15",0
648,46836000,52.234000000000464,-0.0001487694046153846,-0.11785521846153846,1.2665319230769235e-05,0.2747828,1191.2,1357.8,1190.2,1357.2,0.0,0.0,0.0,0.0,0.0,0.0,0.0,0.0,0.0007989432,-0.030626353,-0.0013315757,-4.7884045,-0.040701285,-8.605958,16.13133807692308,24.895124153846155,101131.39538461539,0.9667351166666667,0.0004999188116666667,-0.2557780191666667,-0.000760986125,31.45441684,-0.003421013892,-15.06115304,4.3156546,-0.01641219784,0.008001678788,0.47609601999999995,-0.0349755752,0.272557852,4461.842187500148,6367.516503906192,4454.964941406326,6362.548632812557,"1,1,15",0
649,46886000,52.28400000000046,-0.00050337970375,-0.117540235,-0.0005769468463750001,0.274922995,1191.7,1357.3,1190.7,1357.7,0.0,0.0,0.0,0.0,0.0,0.0,0.0,0.0,-0.0025299955,-0.02363556175,0.0019307748,-4.771943775,0.027533471749999996,-8.611645,16.116169884615385,24.89512669230769,101131.59146153847,0.9665417488461538,0.0005115526307692308,-0.2565081230769231,-0.000707886575,31.67129984,-0.004673158042,-15.060213540000001,4.320818350000001,-0.01574854334,0.008466863138,0.47392857499999996,-0.0344308367,0.272357254,4459.418408203076,6363.746582031376,4459.230078124987,6369.970507812453,"1,1,15",0
650,46936000,52.33400000000046,0.00012209434769230767,-0.11781649846153847,2.2467968769230757e-05,0.27501836615384617,1191.6,1357.4,1191.0,1358.2,0.0,0.0,0.0,0.0,0.0,0.0,0.0,0.0,-0.007456875,-0.026631607,0.0039947405,-4.8147397,0.049081285,-8.485053,16.124114615384613,24.895128615384614,101131.48353846153,0.9664031615384615,0.00035108808846153844,-0.25703005384615385,-0.0006866035230769231,31.888714439999998,-0.0058973834,-15.05912872,4.32623098,-0.014922829799999999,0.00890484764,0.47550727200000004,-0.034452889199999996,0.27070205399999997,4458.687597656253,6362.749999999908,4462.518359375101,6370.563378906211,"1,1,15",0
651,46986000,52.38400000000047,0.0005773440375,-0.11881383875,9.968132575e-05,0.27512152500000003,1190.6,1358.4,1191.0,1358.7,0.0,0.0,0.0,0.0,0.0,0.0,0.0,0.0,-0.0105194885,-0.009853699,-0.00066577583,-4.7429147,0.015562464349999998,-8.627507000000001,16.158243653846153,24.89513053846154,101131.06538461539,0.9662914708333333,6.855410125e-05,-0.2574497625,-0.0007451116,32.10670494,-0.0070913634,-15.05788647,4.3319132300000005,-0.013921552299999999,0.00931336564,0.474268923,-0.0326390284,0.269386238,4455.612646484326,6376.600341796991,4460.132421874956,6371.374121093813,"1,1,15",0
652,47036000,52.43400000000047,0.0004184619083333333,-0.118904545,-0.00012700954466666667,0.2755440666666667,1190.4,1359.2,1191.0,1359.0,0.0,0.0,0.0,0.0,0.0,0.0,0.0,0.0,-0.002130514,-0.017576864,0.0063915974,-4.7764325,-0.035912875,-8.48146,16.11869753846154,24.895132923076922,101131.55576923078,0.9662238416666666,-0.00010364284583333334,-0.257703435,-0.0007746539466666666,32.324679599999996,-0.00803372884,-15.05637638,4.33767072,-0.0131085908,0.0101132058,0.476170654,-0.033564414,0.27041999,4456.841503906289,6381.533691406352,4464.737109375059,6381.492187500071,"1,1,15",0
653,47086000,52.484000000000464,7.951890246153846e-05,-0.11859273692307692,-8.228142461538465e-05,0.275982255,1191.4,1359.7,1191.0,1359.0,0.0,0.0,0.0,0.0,0.0,0.0,0.0,0.0,-0.001686663588888889,-0.013582122,0.00020713012222222217,-4.794123544444444,-0.02660209211111111,-8.519102666666667,16.09251446153846,24.895136384615384,101131.84903846154,0.9661305499999999,-0.000166908125,-0.2580530065384615,-0.0007662392376923077,32.5426371,-0.008703511839999999,-15.05457613,4.34350972,-0.0124996383,0.011336978300000002,0.47682040666666664,-0.034974356666666664,0.26783527333333335,4462.432686941974,6384.938825334858,4466.253069196428,6383.615443638395,"1,1,15",0
654,47136000,52.53400000000046,-5.461662984615385e-05,-0.11898976,0.00027130549076923076,0.2761631646153846,1192.0,1360.0,1191.2,1359.2,0.0,0.0,0.0,0.0,0.0,0.0,0.0,0.0,0.007989507,-0.018375807,-0.0013315575,-4.7860093,-0.019153465,-8.686165,16.106779384615386,24.895138307692307,101131.70553846154,0.9660130538461538,-0.0001214934923076923,-0.2584922,-0.0008092011746153846,32.7606126,-0.0095333878,-15.0532572,4.349116496,-0.01214340052,0.01190061136,0.47594568,-0.033262696,0.2681892,4470.209277343734,6388.220898437468,4465.186914062471,6386.723632812609,"1,1,15",0
655,47186000,52.58400000000047,-4.893453749999998e-06,-0.118978750625,7.775701749999998e-05,0.2764102375,1192.0,1360.0,1191.7,1359.7,0.0,0.0,0.0,0.0,0.0,0.0,0.0,0.0,0.00452737425,-0.01078580675,0.0047936873,-4.8470627,0.0023943509999999994,-8.58082,16.130255115384617,24.895140230769233,101131.42576923077,0.9659373875,1.8315214166666664e-05,-0.25877504333333334,-0.0007663781795833334,32.978607600000004,-0.0105366978,-15.0524597,4.354471696,-0.012060937019999999,0.011749093359999999,0.47697376,-0.03433041,0.26943411,4464.516748046774,6389.208886718696,4467.321289062603,6397.3007812501255,"1,1,15",0
656,47236000,52.63400000000047,3.441593346153846e-05,-0.11901744076923076,-0.00025711454692307694,0.2768397615384615,1192.2,1360.0,1192.2,1360.4,0.0,0.0,0.0,0.0,0.0,0.0,0.0,0.0,-0.0005325986,-0.021038976,0.00026634597,-4.841077,0.010774057,-8.51019,16.18551076923077,24.895142,101130.7683076923,0.9658290569230769,-7.960345615384616e-05,-0.25917901307692304,-0.0007148293153846154,33.196725,-0.01180717484,-15.05147716,4.359098064,-0.011840463439999999,0.01192102336,0.4767972,-0.03304247,0.2676438,4465.792968750089,6396.40214843767,4475.192675781238,6401.35029296878,"1,1,15",0
657,47286000,52.68400000000047,-3.9042564375000005e-05,-0.1190099125,-0.00036527685624999993,0.27734566125,1192.7,1360.0,1192.7,1361.4,0.0,0.0,0.0,0.0,0.0,0.0,0.0,0.0,-0.00412791895,-0.019374492,0.0017976314999999998,-4.88058145,0.008379856125000001,-8.513482250000001,16.14939542307692,24.895142076923076,101131.19615384615,0.9657129575000001,-0.00014660060291666666,-0.2596113729166667,-0.0007264511433333333,33.414975,-0.01336708284,-15.05029416,4.3629348640000005,-0.011470478939999999,0.01244335536,0.474816155,-0.0351336245,0.26775317,4473.101171875029,6402.541699218762,4478.3219726563075,6401.972705078061,"1,1,15",0
658,47336000,52.734000000000464,3.905094615384619e-05,-0.11909576538461539,-0.0004778533076923077,0.2774429069230769,1193.0,1360.2,1192.8,1361.8,0.0,0.0,0.0,0.0,0.0,0.0,0.0,0.0,-0.0039947433,-0.015180021,0.00053261477,-4.8745956,-0.011970859,-8.604761,16.113281,24.895144,101131.6,0.9655585633333333,-0.00014560546333333336,-0.26018514000000004,-0.0006670561449999999,33.6336198,-0.0147740578,-15.04970324,4.36790576,-0.011261374599999999,0.01173592496,0.47835597,-0.036739867,0.26857853,4478.553222656166,6403.119335937702,4481.389648437506,6404.400000000004,"1,1,15",0
659,47386000,52.784000000000475,0.000244182619375,-0.11939332375,-3.177799375000002e-05,0.27747152375,1193.0,1360.7,1192.3,1361.3,0.0,0.0,0.0,0.0,0.0,0.0,0.0,0.0,6.659622500000033e-05,-0.0192413395,0.0009321265475,-4.904223,-0.001496228024999999,-8.45811575,16.158424269230768,24.895144,101131.07115384616,0.9654617307692307,-0.00021445969538461538,-0.26054384999999997,-0.0006592145461538461,33.8526923,-0.016015355300000002,-15.04975374,4.374105259999999,-0.0112265571,0.00969625196,0.47663005999999997,-0.0345937415,0.26711236,4475.730224609413,6406.930566406237,4481.180566406238,6404.685644531188,"1,1,15",0
660,47436000,52.83400000000047,8.212428692307692e-05,-0.11944646076923077,0.00018085019615384618,0.2773846915384615,1192.6,1361.0,1192.0,1361.0,0.0,0.0,0.0,0.0,0.0,0.0,0.0,0.0,0.0055926563,-0.014381066,-0.00053262844,-4.8925524,-0.051475197,-8.499416,16.08655553846154,24.895144,101131.9176923077,0.9653547538461539,-0.00012912912423076922,-0.26094024923076925,-0.000612239176923077,34.07180488,-0.017147086800000003,-15.05035024,4.380158359999999,-0.01141377344,0.007561823768000001,0.477367,-0.03252892,0.26465365,4476.64609375008,6402.749511718884,4476.062597656076,6408.300292968725,"1,1,15",0
661,47486000,52.88400000000047,0.00014991297125,-0.120037486,-8.6676581375e-05,0.27725430624999997,1191.6,1361.0,1192.0,1361.0,0.0,0.0,0.0,0.0,0.0,0.0,0.0,0.0,0.0054594928,-0.0063915807500000005,-0.0019973557999999995,-4.88836115,-0.06524184999999999,-8.4850515,16.163481384615384,24.89514223076923,101130.99038461539,0.9652901041666667,-1.38061861625e-05,-0.26117965,-0.0005846532183333334,34.29096088,-0.018160121799999998,-15.05153824,4.3860528599999995,-0.01184152644,0.005324744118000001,0.47757211499999996,-0.032990429,0.266777205,4471.389501953028,6409.15576171876,4466.465624999906,6410.161767578161,"1,1,15",0
662,47536000,52.93400000000047,0.00012952308665384614,-0.12031465523076923,-7.914363738461538e-05,0.27695155384615383,1191.2061855670104,1361.0,1191.7938144329896,1361.0,0.0,0.0,0.0,0.0,0.0,0.0,0.0,0.0,-0.0037284233,-0.011984228,-0.0026631628,-4.9308596,0.0071827546,-8.566454,16.130616384615386,24.895142,101131.41507692308,0.965243976923077,7.150911938461538e-06,-0.26134972153846153,-0.0006214412753846153,34.510509643564355,-0.01901707679207921,-15.053047089108912,4.391185017821782,-0.012242250435643564,0.003762472204950495,0.478368,-0.033875637,0.2648004,4462.586230468697,6410.410644531156,4465.331542968847,6406.890917968824,"1,1,15",0
663,47586000,52.98400000000048,-3.809618322e-05,-0.120481914,-1.900760599999998e-05,0.27688704000000003,1191.721649484536,1361.0,1191.278350515464,1361.0,0.0,0.0,0.0,0.0,0.0,0.0,0.0,0.0,0.0055926583,-0.018775277,-0.0023968567,-4.8997341500000005,-0.0478838905,-8.564059499999999,16.11129384615385,24.895142,101131.63230769231,0.96515455,5.982369541666667e-05,-0.26168013916666666,-0.0005916809,34.730483900990095,-0.019704945108910892,-15.054903524752476,4.395491304950495,-0.01261369300990099,0.0029312420069306927,0.47788332,-0.03403379,0.2660618,4465.926318359497,6405.811181640522,4462.715820312468,6407.696240234335,"1,1,15",0
664,47636000,53.034000000000475,-6.232175412727273e-05,-0.12018460363636364,0.00022230208127272728,0.2766494149090909,1191.7766990291261,1361.2233009708739,1190.7766990291261,1361.2233009708739,0.0,0.0,0.0,0.0,0.0,0.0,0.0,0.0,0.001065267,-0.003195794,-0.00053262635,-4.8817773,0.008379856,-8.49463,16.13386576923077,24.895140461538464,101131.37538461538,0.9650587416666666,0.00010532466916666667,-0.26203321749999997,-0.0005726539541666666,34.95089747474747,-0.020272167676767677,-15.056989787878788,4.399717801010101,-0.012757327252525253,0.002698006788888889,0.47845177782608694,-0.035387104652173915,0.2661754682608696,4459.472656249876,6407.922558593756,4458.4458007810845,6409.289550781219,"1,1,15",0
665,47686000,53.08400000000047,-0.000127612836875,-0.12058435875000001,0.00027732331875000003,0.276393675,1191.2912621359224,1361.7087378640776,1190.2912621359224,1361.7087378640776,0.0,0.0,0.0,0.0,0.0,0.0,0.0,0.0,-0.00199737955,-0.007723170749999999,0.00399473545,-4.894945,-0.02873028,-8.392875,16.138083773584906,24.89514,101131.31150943396,0.964994998076923,0.0001541590273076923,-0.2622674823076923,-0.0006062172288461539,35.17182676767677,-0.020697762626262627,-15.059345848484849,4.403850629292929,-0.012633534323232323,0.0031667656777777777,0.47834108,-0.03282076785714286,0.2640417857142857,4451.832868303459,6406.269670758967,4450.911342075919,6406.929199218853,"1,1,15",0
666,47736000,53.13400000000047,-0.00015972134230769232,-0.12093374769230769,-4.51343153846154e-05,0.27635763076923076,1190.8,1362.0,1190.2,1361.8,0.0,0.0,0.0,0.0,0.0,0.0,0.0,0.0,-0.0031957843,-0.008255801,-0.0034621193,-4.972758,-0.0035911542,-8.512587,16.13031088235294,24.89514,101131.39549019608,0.9649172615384616,0.00016544112846153845,-0.2625535415384615,-0.0006566540538461538,35.39307392,-0.0208697388,-15.061401159999999,4.407882691999999,-0.01197347264,0.003966066468,0.477629416,-0.033049560799999995,0.262801776,4455.223632812445,6410.286132812408,4450.634960937322,6409.209765624895,"1,1,15",0
667,47786000,53.18400000000048,0.00024049377625,-0.12096256875,-0.00022779778075,0.27608858625,1190.3,1362.0,1190.7,1361.3,0.0,0.0,0.0,0.0,0.0,0.0,0.0,0.0,-0.0046605292,-0.0105194895,0.0018642051500000001,-4.86980635,0.0251392655,-8.424001,16.136574423076922,24.89514130769231,101131.33846153846,0.9648264916666667,0.00012890221320833333,-0.26288653458333333,-0.000698298265,35.614665419999994,-0.0207669613,-15.06313066,4.411805591999999,-0.01073245314,0.005123454318,0.478241998,-0.034595828700000004,0.264759315,4446.503417968684,6404.187890624985,4446.43334960941,6408.783447265679,"1,1,15",0
668,47836000,53.23400000000048,0.00026593972961538463,-0.12113444615384615,-0.00011648622353846151,0.2761618107692308,1190.0,1362.2,1190.6,1361.2,0.0,0.0,0.0,0.0,0.0,0.0,0.0,0.0,-0.013582133,-0.019441074,-0.0045273686,-4.8853683,0.010774057,-8.494629,16.14433923076923,24.89514323076923,101131.24076923078,0.9647148783333334,-3.989422641666667e-05,-0.2632958225,-0.0007623604466666667,35.83651468,-0.02073621884,-15.0644524,4.41566902,-0.00975854044,0.00680452272,0.48033745,-0.033237496000000005,0.264940128,4448.0706054688,6408.639355468865,4450.5114257811065,6401.244433593646,"1,1,15",0
669,47886000,53.284000000000475,-0.000390848890625,-0.12166644875,-4.892753749999963e-06,0.276109765,1190.0,1362.7,1189.6,1361.7,0.0,0.0,0.0,0.0,0.0,0.0,0.0,0.0,0.0011318353750000001,-0.010985540174999999,0.00026632088750000004,-4.8898578,0.014365357500000002,-8.3348165,16.146145,24.895144576923077,101131.22384615385,0.9646198546153846,-0.00010374939653846153,-0.263643585,-0.0008423463038461539,36.05864318,-0.02078351434,-15.0653324,4.41946802,-0.00907399344,0.00905291172,0.48137125199999997,-0.0345032243,0.2651536,4444.73530273443,6407.7973144531525,4442.8318847655555,6408.608935547085,"1,1,15",0
670,47936000,53.33400000000047,-0.0007290441692307692,-0.1218795876923077,0.00044725027076923077,0.27650890538461537,1190.0,1362.8,1189.2,1361.8,0.0,0.0,0.0,0.0,0.0,0.0,0.0,0.0,-0.00039948063,-0.01797634,0.0009321144500000001,-4.90691665,-0.00837955985,-8.434773499999999,16.11328,24.89514769230769,101131.62492307693,0.9645499208333332,-4.2171651833333335e-05,-0.26389935,-0.00084184775,36.28074264,-0.02108937024,-15.06586944,4.42317018,-0.00868102292,0.01033003752,0.47956436799999996,-0.032847238,0.263044596,4447.696679687494,6413.371484374943,4444.133886718857,6414.935253906237,"1,1,15",0
671,47986000,53.38400000000048,-6.111851250000005e-05,-0.121394065,0.00032177866125,0.2764381675,1190.0,1362.3,1189.7,1361.3,0.0,0.0,0.0,0.0,0.0,0.0,0.0,0.0,-0.0077897423,-0.0119842295,-0.002396844525,-4.9574938,0.015562460499999993,-8.512883500000001,16.134408,24.8951515,101131.3825,0.9644310596153847,-0.00013394287838461538,-0.2643332642307692,-0.0008875747923076924,36.50281064,-0.02167533324,-15.06603494,4.42676743,-0.00860392692,0.01055496152,0.48026878,-0.034170239000000005,0.263763412,4446.047070312384,6418.3558105470065,4444.969580078101,6411.85454101562,"1,1,15",0
672,48036000,53.43400000000048,6.602653846153844e-06,-0.1219721823076923,-3.132408923076926e-05,0.2766704223076923,1190.2,1362.0,1190.2,1361.2,0.0,0.0,0.0,0.0,0.0,0.0,0.0,0.0,0.0010652486,-0.019441083,0.0026631446,-4.9272676,0.020350859,-8.376114,16.17287092307692,24.895154846153847,101130.91346153845,0.9643108346153847,-0.00023899559846153848,-0.26477077538461535,-0.0009504314307692308,36.72496504,-0.02216726064,-15.06584524,4.43004992,-0.007921985632,0.01175154472,0.479309244,-0.0332383188,0.26193341200000003,4449.894335937449,6417.872460937561,4447.144824218755,6412.985156250237,"1,1,15",0
673,48086000,53.48400000000048,-0.0005075685419999999,-0.12208451375,-0.00038204955375000004,0.27704568124999995,1190.7,1362.0,1190.7,1361.7,0.0,0.0,0.0,0.0,0.0,0.0,0.0,0.0,-0.0021305277499999997,-0.022370552250000002,-0.0016644816750000001,-4.97185915,0.03651172475,-8.487745,16.148312346153844,24.895159538461538,101131.18384615384,0.9642046212500001,-0.00024601468416666665,-0.26515742583333335,-0.0009141228820833333,36.94721304,-0.02255731614,-15.065270739999999,4.4329914200000005,-0.006584795282,0.014000758720000001,0.480720319,-0.0358594126,0.26117303999999997,4452.986669922012,6420.736865234411,4452.300097656382,6426.565185546804,"1,1,15",0
674,48136000,53.534000000000475,0.00010055185415384614,-0.12122775461538461,-0.00013352789076923077,0.2772619076923077,1190.8076923076924,1362.3846153846155,1190.8076923076924,1362.1923076923076,0.0,0.0,0.0,0.0,0.0,0.0,0.0,0.0,-0.008788439,-0.029827407,0.0058589587,-4.928464,0.056263894,-8.498219,16.141089461538463,24.895164923076923,101131.26461538461,0.9640584323076923,-0.0003602451615384615,-0.26568862846153846,-0.0009079445876923077,37.16979300990099,-0.022922722425742573,-15.06498792079208,4.437068445544554,-0.005861041036633663,0.015221079821782179,0.48062031,-0.034561576000000004,0.261729336,4456.39306640625,6419.7119140625,4456.8642578125,6422.05419921875,"1,1,15",0
675,48186000,53.584000000000486,0.00028430455461538463,-0.12170497576923077,-0.0001435859729615385,0.27741225999999997,1190.326923076923,1363.3461538461538,1190.326923076923,1362.673076923077,0.0,0.0,0.0,0.0,0.0,0.0,0.0,0.0,-0.002012187733333333,-0.016215693333333333,0.0005918172333333335,-5.006674433333333,-0.03431674744444445,-8.488643833333333,16.160410576923077,24.895169384615386,101131.03846153847,0.9639106916666667,-0.0005293675375,-0.2662237504166667,-0.0009351522291666666,37.392732613861384,-0.023261425396039603,-15.06502108910891,4.442375623762376,-0.0058018425712871285,0.01532676695049505,0.48041302761904764,-0.03230771147619048,0.26178975142857147,4458.211635044635,6422.136648995555,4460.78459821422,6421.897042410692,"1,1,15",0
676,48236000,53.63400000000048,0.0002984627466666667,-0.12254953833333333,6.024664133333334e-05,0.27741706,1190.1666666666667,1364.0,1190.1666666666667,1363.0,0.0,0.0,0.0,0.0,0.0,0.0,0.0,0.0,-0.003728421,0.0026631677,-0.00079895055,-4.9643784,-0.03351868,-8.432379,16.14410754716981,24.89517441509434,101131.26188679246,0.9638554178571428,-0.0006070300892857143,-0.26642350000000004,-0.0009567888285714286,37.615754595959594,-0.02399464646464646,-15.065283868686869,4.446951166666667,-0.006446497206060606,0.015301953353535354,0.48190126666666666,-0.034644363666666664,0.26352469333333334,4448.084082031199,6436.630371093802,4451.3834960938075,6426.936718750106,"1,1,15",0
677,48286000,53.68400000000048,0.00026184238393750004,-0.12234835687500001,0.00019156162450000003,0.27752004875,1190.6875,1364.0,1190.6875,1363.0,0.0,0.0,0.0,0.0,0.0,0.0,0.0,0.0,0.0069622645,-0.011261369142857143,-0.0005706577928571429,-4.985925542857143,0.021718975285714284,-8.360552714285713,16.097077901960784,24.895181274509802,101131.81088235295,0.9637993910714285,-0.0005967362053571429,-0.266626,-0.0009826904357142857,37.83887328282828,-0.025190997474747474,-15.065816191919192,4.450667833333333,-0.007917414175757576,0.015123943252525253,0.48000350043478257,-0.03268444391304348,0.2612224004347826,4453.716848273092,6432.425601356718,4453.015496505024,6428.619063528004,"1,1,15",0
678,48336000,53.73400000000048,-0.0002422570673846154,-0.12263723692307693,-0.00020399498030769232,0.2776966953846154,1191.0,1364.0,1191.0,1363.2,0.0,0.0,0.0,0.0,0.0,0.0,0.0,0.0,0.01238371625,-0.013049473749999999,-0.00266315705,-4.939836725,0.026037098749999994,-8.474576124999999,16.132061,24.895186846153848,101131.37846153846,0.9636899411764707,-0.00040246397647058824,-0.26702243058823527,-0.0008730170776470588,38.06217188,-0.02640557168,-15.06588996,4.45438502,-0.00869549976,0.01604749192,0.48038021619047616,-0.033690677714285716,0.2608373676190476,4455.203998766352,6428.619269120114,4455.652600740134,6437.090486225454,"1,1,15",0
679,48386000,53.78400000000049,-0.00037854187625,-0.12296437975,-0.0003540942265,0.277959925,1191.0,1364.0,1191.0,1363.7,0.0,0.0,0.0,0.0,0.0,0.0,0.0,0.0,0.0041944804074999995,-0.01604554575,-0.00479368726,-4.924275325,-0.010474485025,-8.45273125,16.129352153846153,24.895194153846152,101131.41884615384,0.9636199516666666,-0.00027822721874999997,-0.2672752708333333,-0.0007857702291666667,38.28566538,-0.02763988768,-15.06546696,4.45810277,-0.00872301801,0.01816439592,0.48098719700000003,-0.0332546528,0.25987828999999996,4453.649853515741,6435.262890625069,4449.984277343689,6437.394042968464,"1,1,15",0
680,48436000,53.834000000000486,1.7969149230769225e-05,-0.12258688215384615,-3.750673615384619e-06,0.27807322307692306,1191.2,1364.4,1190.8,1364.2,0.0,0.0,0.0,0.0,0.0,0.0,0.0,0.0,-0.001065245,-0.020772658,-0.0053263255,-4.9859247,-0.004788258,-8.340202,16.122308846153846,24.89520007692308,101131.49076923076,0.9635109861538462,-0.0002870172746153846,-0.26766756153846155,-0.0007968120176923077,38.50948936,-0.02889896448,-15.06477876,4.461898016,-0.00879801762,0.01931743256,0.480325804,-0.0330766024,0.260712406,4457.068164062536,6438.035449218815,4457.552539062526,6435.970410156217,"1,1,15",0
681,48486000,53.88400000000048,-0.0001800926,-0.12319902375,0.00014022027187500003,0.2782413725,1191.7,1365.4,1190.3,1364.7,0.0,0.0,0.0,0.0,0.0,0.0,0.0,0.0,0.00399475745,-0.013848433,-0.002396849020606,-5.005079,-0.0023940544999999994,-8.3904815,16.142424547169814,24.89520690566038,101131.26075471698,0.9634161897959184,-0.0002484402059183673,-0.26800874081632653,-0.0007942266344897959,38.73367136,-0.03018486548,-15.06380326,4.465777216,-0.00892445537,0.019426279560000002,0.48187412700000004,-0.0332790981,0.260988212,4459.207324218847,6448.440283203273,4457.190234375058,6444.429492187567,"1,1,15",0
682,48536000,53.93400000000048,-0.00033806291666666665,-0.12279010500000001,0.00027194705208333334,0.278509385,1191.8,1366.0,1190.4,1365.2,0.0,0.0,0.0,0.0,0.0,0.0,0.0,0.0,0.0009320875,-0.01870870925,0.0036618423249999994,-5.03380875,-0.01915346675,-8.454525,16.114661823529413,24.895214352941174,101131.56470588235,0.9633151882352942,-0.00019477953764705883,-0.26837137647058823,-0.0008216940552941177,38.95812696,-0.03098121784,-15.0628256,4.469606472,-0.008601939952,0.01954695376,0.48134052857142856,-0.034692789714285716,0.2609471666666667,4464.249588815805,6445.256399054114,4457.827868009949,6448.050652754946,"1,1,15",0
683,48586000,53.98400000000049,1.5138236153846142e-05,-0.12261906307692308,-0.00016580026865384615,0.27867254923076923,1191.3,1366.0,1191.4,1365.7,0.0,0.0,0.0,0.0,0.0,0.0,0.0,0.0,0.00013315625000000003,-0.020106867,-0.001731057825,-5.0194434999999995,0.0556653435,-8.409037000000001,16.136032692307694,24.89522026923077,101131.32846153846,0.9631655849999999,-0.00016640539249999998,-0.26890782916666667,-0.0008094057583333333,39.182878960000004,-0.031247225839999997,-15.0618456,4.473381622,-0.007793058602,0.01968044076,0.482572463,-0.0325998938,0.258759721,4465.499755859415,6445.425292968866,4463.100146484467,6446.572705078117,"1,1,15",0
684,48636000,54.03400000000049,0.00020136400923076924,-0.12291419192307693,-0.0002470316753846154,0.27899210307692307,1191.2,1366.0,1191.8,1365.8,0.0,0.0,0.0,0.0,0.0,0.0,0.0,0.0,-0.0023968432,-0.010918962,-0.001065256,-4.9583926,0.022745067,-8.475476,16.117975,24.895227,101131.54,0.9630693916981132,-0.000341893238490566,-0.26925147358490564,-0.0008894157528301887,39.4077836,-0.031379866799999996,-15.06136528,4.478208932,-0.007147551948,0.01914333104,0.482288544,-0.0340605544,0.25883387,4462.751953124937,6457.711132812513,4462.553906249985,6449.716699218767,"1,1,15",0
685,48686000,54.084000000000486,-0.00022522484,-0.122551178375,0.000106477475,0.27895747375,1191.7,1366.0,1191.3,1365.3,0.0,0.0,0.0,0.0,0.0,0.0,0.0,0.0,-0.0017976374,-0.017177394749999998,-0.004394197149999999,-4.97694675,-0.022146213425,-8.55328675,16.140121226415094,24.89523454716981,101131.3041509434,0.9629641744680851,-0.00043399635872340425,-0.2696272659574468,-0.0009707438531914894,39.632853600000004,-0.0313680268,-15.061426280000001,4.484176082,-0.006679034548,0.01787974154,0.4837966634782609,-0.03354408904347826,0.25883810434782606,4467.131591796949,6455.802001953207,4464.846142578059,6450.673339843794,"1,1,15",0
686,48736000,54.13400000000048,-0.0004284499246153846,-0.12296335938461539,0.00045547537307692303,0.27892810307692306,1191.6,1365.8,1191.0,1365.4,0.0,0.0,0.0,0.0,0.0,0.0,0.0,0.0,-0.00026630657,-0.0047936854,-0.005858959,-5.055358,0.05506679,-8.37372,16.03328088235294,24.895239607843138,101132.55623529412,0.9628818615384616,-0.0003436885153846154,-0.2699213630769231,-0.0010368008307692308,39.85826272,-0.03117581072,-15.0612324,4.489621016,-0.00599617034,0.01710504308,0.48356292,-0.034733176,0.25920636,4468.472753906052,6455.627734375165,4457.28173828107,6449.073632812509,"1,1,15",0
687,48786000,54.184000000000495,-0.000521918855,-0.1235326025,-0.00023680830749999996,0.2788897875,1190.6,1365.3,1191.0,1366.4,0.0,0.0,0.0,0.0,0.0,0.0,0.0,0.0,0.00166447155,-0.0032623744,0.0019973700749999997,-5.02094025,0.02005158525,-8.3940725,16.115446923076924,24.895247076923077,101131.58123076924,0.9628460054166667,-0.00028284258750000004,-0.27004902750000004,-0.0011093206250000001,40.08403922,-0.03078818722,-15.0607624,4.494500216,-0.005081097089999999,0.016859976579999998,0.483372444,-0.033850544700000006,0.259061291,4463.531494140556,6455.616210937516,4456.551171875083,6458.926806640772,"1,1,15",0
688,48836000,54.23400000000049,0.00010580258153846157,-0.12363913807692307,-0.0004921282642307693,0.2789725846153846,1190.2,1365.2,1191.2,1366.8,0.0,0.0,0.0,0.0,0.0,0.0,0.0,0.0,-0.0037284316,-0.007989481,0.0005326413,-5.0433855,-0.01197086,-8.536526,16.107501538461538,24.895253076923076,101131.66846153847,0.9628239123076924,-0.00037254333846153845,-0.27012744846153847,-0.0010663313923076922,40.30986516,-0.030391578120000002,-15.06043856,4.499088176,-0.00447163084,0.01688300904,0.4821611083333333,-0.034390968833333334,0.2565856266666666,4454.269628906345,6458.595996093781,4458.639062500004,6468.777734374932,"1,1,15",0
689,48886000,54.28400000000049,0.000498620115,-0.12318502437500001,-6.651192437500001e-05,0.279212575,1190.7,1365.7,1191.7,1366.3,0.0,0.0,0.0,0.0,0.0,0.0,0.0,0.0,-0.00978713625,-0.019773968,-0.0014647215750000003,-5.06613075,-0.013167961749999998,-8.44435,16.11147503846154,24.89526046153846,101131.59692307693,0.9627187708333333,-0.0006211180041666666,-0.27050147875,-0.0011601696791666667,40.53574466,-0.029985234620000002,-15.06027306,4.503360626,-0.00419323884,0.01719648204,0.48309438,-0.033776892,0.25737765,4458.00927734375,6459.79541015625,4465.3486328125,6459.16748046875,"1,1,15",0
